Regione,Ricoverati con sintomi,Terapia intensiva,Isolamento domiciliare,Totale attualmente positivi,DIMESSI/GUARITI,DECEDUTI,CASI TOTALI - A,INCREMENTO CASI TOTALI (rispetto al giorno precedente),Casi identificatidal sospettodiagnostico,Casi identificatida attivit√† discreening,CASI TOTALI - B,Totale casi testati,Totale tamponi effettuati,INCREMENTOTAMPONI,REPORT DATE
Lombardia,1521,134,28235,29890,87591,17123,134604,4125,113622,20982,134604,1611623,2575003,36416,2020-10-21
Piemonte,1111,74,12250,13435,30467,4216,48118,1799,26093,22025,48118,529281,895399,13611,2020-10-21
Emilia-Romagna,596,86,10118,10800,27257,4531,42588,671,34999,7589,42588,777142,1417038,17165,2020-10-21
Veneto,439,56,10938,11433,24550,2282,38265,1422,23338,14927,38265,849385,2178114,19627,2020-10-21
Campania,996,85,20020,21101,8838,545,30484,1760,28264,2220,30484,548083,802965,13878,2020-10-21
Lazio,1226,129,16048,17403,9913,1054,28370,1219,11598,16772,28370,984926,1205529,20505,2020-10-21
Toscana,503,76,11660,12239,12006,1221,25466,866,20011,5455,25466,639007,950782,11629,2020-10-21
Liguria,547,31,4043,4621,13614,1656,19891,546,13925,5966,19891,204834,389326,4950,2020-10-21
Sicilia,565,83,7202,7850,5551,389,13790,562,8879,4911,13790,437540,614264,7412,2020-10-21
Puglia,438,42,5511,5991,5690,644,12325,324,3322,9003,12325,355311,502331,5300,2020-10-21
Marche,115,19,2243,2377,6497,997,9871,226,9871,0,9871,169343,289086,2540,2020-10-21
PA Trento,48,2,798,848,5898,420,7166,148,4110,3056,7166,109666,266366,2760,2020-10-21
Friuli Venezia Giulia,76,16,2014,2106,4382,367,6855,219,6306,549,6855,212729,486925,4627,2020-10-21
Abruzzo,212,14,2865,3091,3195,500,6786,252,5397,1389,6786,158874,253175,3123,2020-10-21
Sardegna,236,36,3539,3811,2652,180,6643,167,2714,3929,6643,199392,235250,2223,2020-10-21
Umbria,152,20,2783,2955,2403,95,5453,350,2183,3270,5453,154074,262392,3691,2020-10-21
PA Bolzano,96,7,1977,2080,2926,296,5302,189,5302,0,5302,108212,208717,1884,2020-10-21
Calabria,81,6,1293,1380,1614,105,3099,136,1159,1940,3099,243043,245158,2458,2020-10-21
Valle d'Aosta,42,5,784,831,1155,146,2132,111,1913,219,2132,23483,35990,1555,2020-10-21
Basilicata,48,4,723,775,584,39,1398,85,453,945,1398,90497,91337,1201,2020-10-21
Molise,9,1,415,425,591,26,1042,22,996,46,1042,53291,56882,1293,2020-10-21
Lombardia,1268,123,24913,26304,87072,17103,130479,2023,110712,19767,130479,1588800,2538587,21726,2020-10-20
Piemonte,1037,62,10783,11882,30228,4209,46319,1396,25539,20780,46319,519289,881788,13018,2020-10-20
Emilia-Romagna,531,78,9559,10168,27226,4523,41917,507,34633,7284,41917,769327,1399873,16549,2020-10-20
Veneto,459,51,9746,10256,24319,2268,36843,490,22987,13856,36843,841548,2158487,8126,2020-10-20
Campania,946,91,18421,19458,8732,534,28724,1312,26534,2190,28724,538297,789087,10205,2020-10-20
Lazio,1196,123,15014,16333,9780,1038,27151,1224,11206,15945,27151,969373,1185024,21117,2020-10-20
Toscana,475,72,10999,11546,11846,1208,24600,812,19332,5268,24600,631648,939153,11351,2020-10-20
Liguria,505,32,3947,4484,13214,1647,19345,907,13628,5717,19345,202738,384376,6062,2020-10-20
Sicilia,542,77,6878,7497,5353,378,13228,574,8485,4743,13228,434040,606852,8131,2020-10-20
Puglia,432,39,5259,5730,5629,642,12001,295,3240,8761,12001,350691,497031,5827,2020-10-20
Marche,99,19,2064,2182,6467,996,9645,89,9645,0,9645,167857,286546,1882,2020-10-20
PA Trento,45,1,718,764,5836,418,7018,94,4039,2979,7018,108619,263606,854,2020-10-20
Friuli Venezia Giulia,65,14,1853,1932,4338,366,6636,131,6115,521,6636,211397,482298,3915,2020-10-20
Abruzzo,210,15,2620,2845,3194,495,6534,184,5319,1215,6534,156991,250052,3115,2020-10-20
Sardegna,226,34,3426,3686,2613,177,6476,221,2674,3802,6476,197486,233027,2016,2020-10-20
PA Bolzano,96,7,1791,1894,2924,295,5113,209,5113,0,5113,107299,206833,1819,2020-10-20
Umbria,150,20,2505,2675,2335,93,5103,194,2133,2970,5103,152168,258701,4371,2020-10-20
Calabria,73,6,1173,1252,1607,104,2963,94,1159,1804,2963,240594,242700,2477,2020-10-20
Valle d'Aosta,36,5,684,725,1150,146,2021,75,1813,208,2021,23263,34435,583,2020-10-20
Basilicata,51,1,661,713,561,39,1313,17,453,860,1313,89296,90136,1115,2020-10-20
Molise,12,0,401,413,581,26,1020,26,975,45,1020,52527,55589,478,2020-10-20
Lombardia,1136,113,23385,24634,86738,17084,128456,1687,109408,19048,128456,1575120,2516861,14577,2020-10-19
Piemonte,883,61,9663,10607,30113,4203,44923,933,26243,18680,44923,511428,868770,9564,2020-10-19
Emilia-Romagna,481,70,9119,9670,27222,4518,41410,552,34342,7068,41410,763923,1383324,8026,2020-10-19
Veneto,396,44,9405,9845,24253,2255,36353,502,22902,13451,36353,838391,2150361,4426,2020-10-19
Campania,884,85,17345,18314,8576,522,27412,1593,25252,2160,27412,529648,778882,12695,2020-10-19
Lazio,1130,111,13950,15191,9703,1033,25927,939,11105,14822,25927,954419,1163907,17573,2020-10-19
Toscana,449,62,10340,10851,11731,1206,23788,986,18734,5054,23788,624289,927802,10557,2020-10-19
Liguria,436,34,3441,3911,12886,1641,18438,323,12884,5554,18438,199539,378314,1871,2020-10-19
Sicilia,521,72,6426,7019,5267,368,12654,362,8095,4559,12654,428508,598721,3252,2020-10-19
Puglia,397,38,5028,5463,5604,639,11706,321,3144,8562,11706,346220,491204,2446,2020-10-19
Marche,97,16,2005,2118,6443,995,9556,98,9556,0,9556,166944,284664,1217,2020-10-19
PA Trento,44,0,819,863,5643,418,6924,79,4007,2917,6924,108329,262752,1518,2020-10-19
Friuli Venezia Giulia,62,13,2093,2168,3973,364,6505,90,6017,488,6505,210178,478383,1281,2020-10-19
Abruzzo,197,13,2459,2669,3190,494,6353,159,5282,1071,6353,155193,246937,2176,2020-10-19
Sardegna,210,33,3259,3502,2579,174,6255,159,2600,3655,6255,195681,231011,2306,2020-10-19
Umbria,131,15,2423,2569,2247,93,4909,167,2099,2810,4909,150026,254330,1028,2020-10-19
PA Bolzano,67,7,1616,1690,2920,294,4904,85,4904,0,4904,106284,205014,1279,2020-10-19
Calabria,66,5,1099,1170,1595,104,2869,108,1159,1710,2869,238117,240223,1476,2020-10-19
Valle d'Aosta,26,4,628,658,1142,146,1946,135,1746,200,1946,23091,33852,453,2020-10-19
Basilicata,51,1,646,698,559,39,1296,22,453,843,1296,88191,89021,397,2020-10-19
Molise,12,0,381,393,575,26,994,38,949,45,994,52049,55111,744,2020-10-19
Lombardia,1065,110,22119,23294,86397,17078,126769,2975,108092,18677,126769,1565233,2502284,30981,2020-10-18
Piemonte,780,55,8998,9833,29959,4198,43990,1123,25943,18047,43990,505300,859206,9721,2020-10-18
Emilia-Romagna,439,67,8657,9163,27181,4515,40859,526,34047,6812,40859,760075,1375298,9189,2020-10-18
Veneto,378,44,9003,9425,24170,2256,35851,800,22849,13002,35851,836440,2145935,10285,2020-10-18
Campania,849,78,15938,16865,8453,501,25819,1376,23716,2103,25819,519783,766187,14256,2020-10-18
Lazio,1085,99,13196,14380,9584,1024,24988,1198,10930,14058,24988,941774,1146334,23010,2020-10-18
Toscana,385,55,9546,9986,11622,1194,22802,906,17869,4933,22802,617111,917245,13380,2020-10-18
Liguria,402,39,3318,3759,12720,1636,18115,370,12740,5375,18115,198617,376443,3328,2020-10-18
Sicilia,493,70,6227,6790,5137,365,12292,548,7835,4457,12292,426503,595469,6390,2020-10-18
Puglia,377,36,4820,5233,5517,635,11385,301,3113,8272,11385,344122,488758,4633,2020-10-18
Marche,88,13,1944,2045,6418,995,9458,204,9458,0,9458,166250,283447,2542,2020-10-18
PA Trento,38,0,763,801,5627,417,6845,48,3983,2862,6845,108040,261234,830,2020-10-18
Friuli Venezia Giulia,56,14,2011,2081,3973,361,6415,155,5927,488,6415,209531,477102,2295,2020-10-18
Abruzzo,170,13,2330,2513,3187,494,6194,221,5175,1019,6194,153850,244761,3715,2020-10-18
Sardegna,208,29,3159,3396,2526,174,6096,230,2557,3539,6096,193627,228705,1911,2020-10-18
PA Bolzano,67,7,1533,1607,2919,293,4819,171,4819,0,4819,105500,203735,1979,2020-10-18
Umbria,115,14,2302,2431,2219,92,4742,327,2062,2680,4742,149410,253302,3412,2020-10-18
Calabria,61,5,1006,1072,1585,104,2761,78,1159,1602,2761,236641,238747,2359,2020-10-18
Valle d'Aosta,20,2,506,528,1137,146,1811,73,1631,180,1811,22840,33399,360,2020-10-18
Basilicata,43,0,637,680,555,39,1274,48,444,830,1274,87784,88624,950,2020-10-18
Molise,12,0,343,355,575,26,956,27,911,45,956,51313,54367,1015,2020-10-18
Lombardia,943,96,20586,21625,85112,17057,123794,2664,106066,17728,123794,1544959,2471303,29053,2020-10-17
Piemonte,701,51,8128,8880,29791,4196,42867,972,25648,17219,42867,498420,849485,11066,2020-10-17
Emilia-Romagna,427,65,8157,8649,27175,4509,40333,641,33741,6592,40333,754101,1366109,13313,2020-10-17
Veneto,328,43,8369,8740,24064,2247,35051,774,22758,12293,35051,832701,2135650,14156,2020-10-17
Campania,817,75,14798,15690,8254,499,24443,1410,22363,2080,24443,509918,751931,14704,2020-10-17
Lazio,1043,98,12096,13237,9535,1018,23790,994,10392,13398,23790,924313,1123324,27748,2020-10-17
Toscana,344,50,8853,9247,11460,1189,21896,879,17020,4876,21896,608130,903865,13548,2020-10-17
Liguria,364,38,3156,3558,12554,1633,17745,464,12399,5346,17745,197088,373115,5173,2020-10-17
Sicilia,479,61,5741,6281,5101,362,11744,475,7493,4251,11744,422068,589079,5739,2020-10-17
Puglia,368,33,4579,4980,5472,632,11084,350,3035,8049,11084,342024,484125,5382,2020-10-17
Marche,77,10,1775,1862,6400,992,9254,121,9254,0,9254,164588,280905,2194,2020-10-17
PA Trento,27,0,744,771,5609,417,6797,82,3956,2841,6797,107750,260404,2593,2020-10-17
Friuli Venezia Giulia,49,13,1877,1939,3962,359,6260,167,5782,478,6260,208471,474807,4340,2020-10-17
Abruzzo,169,13,2112,2294,3186,493,5973,148,4950,1023,5973,151830,241046,3103,2020-10-17
Sardegna,192,30,2966,3188,2506,172,5866,130,2440,3426,5866,191734,226794,2995,2020-10-17
PA Bolzano,66,6,1372,1444,2911,293,4648,155,4648,0,4648,104499,201756,1714,2020-10-17
Umbria,99,16,2015,2130,2193,92,4415,205,1985,2430,4415,147587,249890,3525,2020-10-17
Calabria,58,5,931,994,1585,104,2683,94,1159,1524,2683,234284,236388,2995,2020-10-17
Valle d'Aosta,17,2,439,458,1134,146,1738,78,1569,169,1738,22585,33039,421,2020-10-17
Basilicata,40,0,598,638,550,38,1226,57,441,785,1226,86834,87674,1123,2020-10-17
Molise,9,0,321,330,573,26,929,65,884,45,929,50306,53352,952,2020-10-17
Lombardia,834,71,18223,19128,84958,17044,121130,2419,104276,16854,121130,1527182,2442250,30587,2020-10-16
Piemonte,658,43,7357,8058,29643,4194,41895,821,25387,16508,41895,493847,838419,9707,2020-10-16
Emilia-Romagna,404,61,7568,8033,27155,4504,39692,544,33382,6310,39692,748337,1352796,13563,2020-10-16
Veneto,299,40,7799,8138,23895,2244,34277,704,22660,11617,34277,828067,2121494,7368,2020-10-16
Campania,786,67,13501,14354,8180,499,23033,1261,20983,2050,23033,498492,737227,14222,2020-10-16
Lazio,1004,98,11215,12317,9473,1006,22796,795,10030,12766,22796,901184,1095576,19438,2020-10-16
Toscana,308,51,8156,8515,11315,1187,21017,755,16194,4823,21017,598910,890317,11500,2020-10-16
Liguria,347,32,2862,3241,12408,1632,17281,585,11989,5292,17281,194933,367942,4980,2020-10-16
Sicilia,471,58,5405,5934,4975,360,11269,578,7238,4031,11269,416980,583340,7709,2020-10-16
Puglia,326,26,4321,4673,5431,630,10734,313,3007,7727,10734,338385,478743,5582,2020-10-16
Marche,73,10,1671,1754,6387,992,9133,115,9133,0,9133,163367,278711,2198,2020-10-16
PA Trento,20,0,705,725,5574,416,6715,111,3931,2784,6715,107156,257811,2376,2020-10-16
Friuli Venezia Giulia,45,12,1742,1799,3935,359,6093,165,5622,471,6093,206998,470467,5327,2020-10-16
Abruzzo,167,11,1972,2150,3184,491,5825,178,4828,997,5825,150236,237943,3668,2020-10-16
Sardegna,187,29,2879,3095,2470,171,5736,133,2403,3333,5736,189006,223799,2450,2020-10-16
PA Bolzano,66,6,1231,1303,2897,293,4493,128,4493,0,4493,103548,200042,2152,2020-10-16
Umbria,75,15,1871,1961,2158,91,4210,198,1940,2270,4210,145535,246365,2961,2020-10-16
Calabria,51,4,849,904,1581,104,2589,102,1159,1430,2589,231287,233393,2758,2020-10-16
Valle d'Aosta,13,4,365,382,1132,146,1660,27,1499,161,1660,22334,32618,177,2020-10-16
Basilicata,36,0,547,583,548,38,1169,57,437,732,1169,85721,86551,1116,2020-10-16
Molise,8,0,257,265,573,26,864,21,819,45,864,49359,52400,538,2020-10-16
Lombardia,726,72,16252,17050,84624,17037,118711,2067,102862,15849,118711,1508334,2411663,32507,2020-10-15
Piemonte,595,40,6673,7308,29576,4190,41074,1033,25197,15877,41074,489887,828712,14142,2020-10-15
Emilia-Romagna,392,49,7080,7521,27124,4503,39148,453,33090,6058,39148,742503,1339233,12631,2020-10-15
Veneto,279,40,7289,7608,23728,2237,33573,600,22546,11027,33573,825788,2114126,19024,2020-10-15
Lazio,969,90,10546,11605,9395,1001,22001,594,9823,12178,22001,884989,1076138,15930,2020-10-15
Campania,762,66,12416,13244,8032,496,21772,1127,19740,2032,21772,487147,723005,13780,2020-10-15
Toscana,276,46,7584,7906,11171,1185,20262,581,15463,4799,20262,591385,878817,11146,2020-10-15
Liguria,316,26,2771,3113,11957,1626,16696,432,11472,5224,16696,192467,362962,5149,2020-10-15
Sicilia,468,52,4967,5487,4854,350,10691,399,6856,3835,10691,411784,575631,7444,2020-10-15
Puglia,319,26,4064,4409,5387,625,10421,257,2947,7474,10421,334382,473161,5346,2020-10-15
Marche,61,9,1594,1664,6362,992,9018,140,9018,0,9018,162176,276513,2674,2020-10-15
PA Trento,20,0,648,668,5521,415,6604,62,3905,2699,6604,106544,255435,1655,2020-10-15
Friuli Venezia Giulia,32,11,1604,1647,3923,358,5928,136,5472,456,5928,205301,465140,5027,2020-10-15
Abruzzo,159,10,1824,1993,3164,491,5648,203,4688,960,5648,148088,234275,3222,2020-10-15
Sardegna,180,28,2816,3024,2410,169,5603,186,2357,3246,5603,186956,221349,2688,2020-10-15
PA Bolzano,60,3,1130,1193,2879,293,4365,98,4365,0,4365,102467,197890,1743,2020-10-15
Umbria,74,12,1731,1817,2104,91,4012,263,1903,2109,4012,144075,243404,3690,2020-10-15
Calabria,51,3,805,859,1524,104,2487,39,1159,1328,2487,228529,230635,1957,2020-10-15
Valle d'Aosta,14,3,343,360,1127,146,1633,67,1472,161,1633,22227,32441,420,2020-10-15
Basilicata,36,0,503,539,536,37,1112,37,436,676,1112,84605,85435,986,2020-10-15
Molise,7,0,244,251,566,26,843,30,798,45,843,48828,51862,1771,2020-10-15
Lombardia,645,64,14509,15218,84415,17011,116644,1844,101508,15136,116644,1488016,2379156,29048,2020-10-14
Piemonte,562,33,5792,6387,29467,4187,40041,499,24827,15214,40041,482280,814570,5967,2020-10-14
Emilia-Romagna,383,35,6730,7148,27045,4502,38695,339,32848,5847,38695,736069,1326602,15607,2020-10-14
Veneto,271,35,6876,7182,23565,2226,32973,657,22436,10537,32973,818552,2095102,21095,2020-10-14
Lazio,937,85,10041,11063,9350,994,21407,543,9644,11763,21407,872710,1060208,15484,2020-10-14
Campania,735,61,11647,12443,7715,487,20645,818,18656,1989,20645,476051,709225,11396,2020-10-14
Toscana,229,46,7152,7427,11071,1183,19681,575,14954,4727,19681,583506,867671,11033,2020-10-14
Liguria,286,29,2760,3075,11566,1623,16264,362,11297,4967,16264,190129,357813,3981,2020-10-14
Sicilia,447,49,4691,5187,4762,343,10292,366,6582,3710,10292,407145,568187,7021,2020-10-14
Puglia,311,23,3895,4229,5317,618,10164,315,2877,7287,10164,330789,467815,5844,2020-10-14
Marche,64,8,1465,1537,6349,992,8878,166,8878,0,8878,160725,273839,3082,2020-10-14
PA Trento,20,0,638,658,5471,413,6542,29,3889,2653,6542,106152,253780,2567,2020-10-14
Friuli Venezia Giulia,28,11,1515,1554,3882,356,5792,182,5344,448,5792,203239,460113,6030,2020-10-14
Abruzzo,154,15,1632,1801,3156,489,5446,126,4555,891,5446,146193,231053,2529,2020-10-14
Sardegna,172,26,2728,2926,2323,168,5417,122,2275,3142,5417,184574,218661,2158,2020-10-14
PA Bolzano,54,3,1061,1118,2856,293,4267,124,4267,0,4267,101569,196147,1573,2020-10-14
Umbria,71,12,1540,1623,2035,91,3749,141,1863,1886,3749,142109,239714,3427,2020-10-14
Calabria,44,1,801,846,1498,104,2448,60,1159,1289,2448,226572,228678,2435,2020-10-14
Valle d'Aosta,13,3,279,295,1125,146,1566,37,1415,151,1566,21997,32021,258,2020-10-14
Basilicata,35,0,469,504,534,37,1075,9,435,640,1075,83619,84449,968,2020-10-14
Molise,9,0,215,224,563,26,813,18,770,43,813,47924,50091,693,2020-10-14
Lombardia,546,62,13648,14256,83550,16994,114800,1080,100262,14538,114800,1469625,2350108,17186,2020-10-13
Piemonte,483,30,5452,5965,29394,4183,39542,585,24702,14840,39542,480303,808603,9182,2020-10-13
Emilia-Romagna,323,31,6522,6876,26982,4498,38356,341,32669,5687,38356,728221,1310995,13344,2020-10-13
Veneto,272,33,6350,6655,23435,2226,32316,485,22334,9982,32316,810366,2074007,4052,2020-10-13
Lazio,896,83,9658,10637,9238,989,20864,579,9457,11407,20864,861669,1044724,15408,2020-10-13
Campania,694,62,11022,11778,7564,485,19827,635,17861,1966,19827,467964,697829,7720,2020-10-13
Toscana,218,44,6655,6917,11008,1181,19106,480,14546,4560,19106,576101,856638,8172,2020-10-13
Liguria,272,27,2624,2923,11357,1622,15902,447,11088,4814,15902,188093,353832,4766,2020-10-13
Sicilia,426,44,4407,4877,4708,341,9926,334,6366,3560,9926,402751,561166,8340,2020-10-13
Puglia,310,23,3665,3998,5235,616,9849,180,2800,7049,9849,327324,461971,5588,2020-10-13
Marche,60,6,1329,1395,6325,992,8712,82,8712,0,8712,158948,270757,1525,2020-10-13
PA Trento,20,0,665,685,5417,411,6513,28,3884,2629,6513,105581,251213,801,2020-10-13
Friuli Venezia Giulia,27,10,1367,1404,3850,356,5610,38,5165,445,5610,200782,454083,2747,2020-10-13
Abruzzo,146,15,1518,1679,3153,488,5320,146,4437,883,5320,144769,228524,2877,2020-10-13
Sardegna,164,26,2710,2900,2227,168,5295,157,2257,3038,5295,182625,216503,2466,2020-10-13
PA Bolzano,54,3,937,994,2856,293,4143,34,4143,0,4143,100855,194574,683,2020-10-13
Umbria,68,11,1412,1491,2027,90,3608,136,1855,1753,3608,140125,236287,3035,2020-10-13
Calabria,42,1,755,798,1486,104,2388,44,1159,1229,2388,224137,226243,2383,2020-10-13
Valle d'Aosta,11,3,244,258,1125,146,1529,33,1383,146,1529,21861,31763,271,2020-10-13
Basilicata,34,0,463,497,532,37,1066,8,434,632,1066,82651,83481,1201,2020-10-13
Molise,10,0,200,210,559,26,795,49,753,42,795,47568,49398,797,2020-10-13
Lombardia,463,50,12866,13379,83353,16988,113720,696,99501,14219,113720,1458192,2332922,13934,2020-10-12
Piemonte,457,22,4984,5463,29314,4180,38957,454,24579,14378,38957,476939,799421,6386,2020-10-12
Emilia-Romagna,284,25,6364,6673,26849,4496,38018,337,32487,5531,38018,723741,1297651,6660,2020-10-12
Veneto,244,29,6016,6289,23323,2219,31831,328,22250,9581,31831,808554,2069955,6348,2020-10-12
Lazio,927,78,9117,10122,9179,984,20285,395,9280,11005,20285,849390,1029316,13830,2020-10-12
Campania,685,64,10477,11226,7487,479,19192,662,17258,1934,19192,460813,690109,7405,2020-10-12
Toscana,205,40,6259,6504,10942,1180,18626,466,14189,4437,18626,570706,848466,8958,2020-10-12
Liguria,261,24,2456,2741,11093,1621,15455,186,10734,4721,15455,185406,349066,1570,2020-10-12
Puglia,307,19,3587,3913,5142,614,9669,157,2762,6907,9669,323084,456383,2433,2020-10-12
Sicilia,404,42,4236,4682,4571,339,9592,298,6133,3459,9592,397546,552826,3892,2020-10-12
Marche,50,5,1274,1329,6309,992,8630,37,8630,0,8630,158054,269232,837,2020-10-12
PA Trento,19,0,661,680,5396,409,6485,2,3869,2616,6485,105284,250412,125,2020-10-12
Friuli Venezia Giulia,22,5,1345,1372,3844,356,5572,59,5130,442,5572,199799,451336,1696,2020-10-12
Abruzzo,137,11,1384,1532,3154,488,5174,117,4336,838,5174,142974,225647,2227,2020-10-12
Sardegna,157,23,2679,2859,2113,166,5138,129,2220,2918,5138,180487,214037,1578,2020-10-12
PA Bolzano,42,2,929,973,2843,293,4109,45,4109,0,4109,100427,193891,1047,2020-10-12
Umbria,61,9,1300,1370,2012,90,3472,148,1844,1628,3472,138736,233252,4509,2020-10-12
Calabria,42,1,730,773,1467,104,2344,53,1159,1185,2344,221754,223860,1228,2020-10-12
Valle d'Aosta,9,3,213,225,1125,146,1496,32,1352,144,1496,21680,31492,219,2020-10-12
Basilicata,36,0,459,495,528,35,1058,11,434,624,1058,81450,82280,130,2020-10-12
Molise,9,0,155,164,556,26,746,7,704,42,746,47043,48601,430,2020-10-12
Lombardia,433,48,12368,12849,83190,16985,113024,1032,99044,13980,113024,1448672,2318988,15590,2020-10-11
Piemonte,378,24,4654,5056,29270,4177,38503,409,24480,14023,38503,472398,793035,6480,2020-10-11
Emilia-Romagna,254,23,6072,6349,26837,4495,37681,384,32282,5399,37681,719690,1290991,8660,2020-10-11
Veneto,238,24,5826,6088,23197,2218,31503,438,22196,9307,31503,806051,2063607,11140,2020-10-11
Lazio,911,69,8862,9842,9072,976,19890,371,9236,10654,19890,836669,1015486,12733,2020-10-11
Campania,664,61,9969,10694,7357,479,18530,633,16669,1861,18530,454679,682704,9232,2020-10-11
Toscana,186,31,5925,6142,10844,1174,18160,517,13854,4306,18160,564468,839508,11394,2020-10-11
Liguria,238,26,2334,2598,11052,1619,15269,386,10599,4670,15269,184673,347496,3334,2020-10-11
Puglia,301,21,3485,3807,5097,608,9512,212,2715,6797,9512,321156,453950,3887,2020-10-11
Sicilia,388,38,3975,4401,4557,336,9294,297,5953,3341,9294,395172,548934,4509,2020-10-11
Marche,44,6,1253,1303,6298,992,8593,108,8593,0,8593,157585,268395,2385,2020-10-11
PA Trento,19,0,662,681,5394,408,6483,39,3869,2614,6483,105220,250287,1847,2020-10-11
Friuli Venezia Giulia,22,5,1296,1323,3834,356,5513,97,5071,442,5513,198763,449640,1694,2020-10-11
Abruzzo,116,8,1293,1417,3153,487,5057,77,4245,812,5057,141605,223420,2278,2020-10-11
Sardegna,140,22,2610,2772,2072,165,5009,143,2196,2813,5009,179167,212459,1752,2020-10-11
PA Bolzano,35,1,904,940,2831,293,4064,84,4064,0,4064,99917,192844,1599,2020-10-11
Umbria,58,9,1169,1236,2000,88,3324,135,1834,1490,3324,136523,228743,2779,2020-10-11
Calabria,41,1,688,730,1458,103,2291,35,1159,1132,2291,220526,222632,1696,2020-10-11
Valle d'Aosta,8,3,186,197,1121,146,1464,18,1320,144,1464,21530,31273,240,2020-10-11
Basilicata,36,0,449,485,527,35,1047,13,434,613,1047,81320,82150,957,2020-10-11
Molise,9,0,156,165,548,26,739,28,697,42,739,46626,48171,472,2020-10-11
Lombardia,408,44,11570,12022,82988,16982,111992,1140,98339,13653,111992,1438722,2303398,22910,2020-10-10
Piemonte,354,22,4365,4741,29179,4174,38094,499,24363,13731,38094,467397,786555,8588,2020-10-10
Emilia-Romagna,241,16,5719,5976,26827,4494,37297,383,32069,5228,37297,715054,1282331,13779,2020-10-10
Veneto,231,20,5581,5832,23017,2216,31065,561,22136,8929,31065,801647,2052467,14996,2020-10-10
Lazio,884,57,8564,9505,9042,972,19519,384,9070,10449,19519,826222,1002753,14358,2020-10-10
Campania,635,63,9493,10191,7229,477,17897,664,16060,1837,17897,446216,673472,9031,2020-10-10
Toscana,160,30,5450,5640,10830,1173,17643,548,13504,4139,17643,556336,828114,11237,2020-10-10
Liguria,222,26,2198,2446,10820,1617,14883,213,10284,4599,14883,183026,344162,4033,2020-10-10
Puglia,300,22,3389,3711,4982,607,9300,184,2655,6645,9300,319289,450063,5189,2020-10-10
Sicilia,387,35,3721,4143,4519,335,8997,285,5782,3215,8997,392395,544425,7741,2020-10-10
Marche,41,3,1159,1203,6290,992,8485,86,8485,0,8485,156147,266010,2398,2020-10-10
PA Trento,19,0,668,687,5349,408,6444,50,3861,2583,6444,104720,248440,2331,2020-10-10
Friuli Venezia Giulia,23,6,1215,1244,3817,355,5416,126,4976,440,5416,197963,447946,4269,2020-10-10
Abruzzo,110,7,1224,1341,3152,487,4980,94,4194,786,4980,140150,221142,2388,2020-10-10
Sardegna,140,25,2506,2671,2034,161,4866,124,2172,2694,4866,177776,210707,1619,2020-10-10
PA Bolzano,35,2,836,873,2815,292,3980,92,3980,0,3980,99125,191245,1880,2020-10-10
Umbria,56,8,1046,1110,1991,88,3189,132,1824,1365,3189,134818,225964,2173,2020-10-10
Calabria,41,1,654,696,1457,103,2256,68,1159,1097,2256,218830,220936,2545,2020-10-10
Valle d'Aosta,6,3,171,180,1120,146,1446,44,1304,142,1446,21356,31033,229,2020-10-10
Basilicata,36,0,439,475,524,35,1034,37,434,600,1034,80358,81193,861,2020-10-10
Molise,7,0,135,142,543,26,711,10,669,42,711,46155,47699,529,2020-10-10
Lombardia,371,44,10713,11128,82744,16980,110852,983,97697,13155,110852,1424471,2280488,25623,2020-10-09
Piemonte,345,22,3943,4310,29113,4172,37595,401,24243,13352,37595,462323,777967,6811,2020-10-09
Emilia-Romagna,226,14,5369,5609,26812,4493,36914,276,31848,5066,36914,709568,1268552,10747,2020-10-09
Veneto,208,21,5245,5474,22821,2209,30504,595,21936,8568,30504,796159,2037471,14325,2020-10-09
Lazio,853,57,8276,9186,8983,966,19135,387,8987,10148,19135,815474,988395,14439,2020-10-09
Campania,576,63,8958,9597,7161,475,17233,769,15420,1813,17233,437971,664441,9549,2020-10-09
Toscana,140,30,4951,5121,10801,1173,17095,483,13074,4021,17095,548458,816877,10781,2020-10-09
Liguria,199,26,2050,2275,10780,1615,14670,196,10165,4505,14670,181069,340129,3457,2020-10-09
Puglia,300,23,3227,3550,4960,606,9116,249,2603,6513,9116,315837,444874,4596,2020-10-09
Sicilia,376,35,3490,3901,4478,333,8712,233,5583,3129,8712,387714,536684,7151,2020-10-09
Marche,37,3,1105,1145,6262,992,8399,49,8399,0,8399,154836,263612,2295,2020-10-09
PA Trento,20,0,661,681,5307,406,6394,39,3843,2551,6394,104126,246109,2001,2020-10-09
Friuli Venezia Giulia,23,6,1112,1141,3794,355,5290,146,4853,437,5290,195965,443677,4307,2020-10-09
Abruzzo,100,7,1142,1249,3150,487,4886,103,4131,755,4886,138835,218754,2787,2020-10-09
Sardegna,133,23,2413,2569,2012,161,4742,134,2144,2598,4742,176462,209088,2555,2020-10-09
PA Bolzano,35,2,760,797,2799,292,3888,85,3888,0,3888,98176,189365,1530,2020-10-09
Umbria,55,8,937,1000,1970,87,3057,151,1810,1247,3057,133522,223791,2645,2020-10-09
Calabria,42,1,595,638,1447,103,2188,42,1159,1029,2188,216285,218391,2157,2020-10-09
Valle d'Aosta,4,2,133,139,1117,146,1402,18,1262,140,1402,21200,30804,160,2020-10-09
Basilicata,35,0,413,448,514,35,997,22,433,564,997,79502,80332,926,2020-10-09
Molise,8,0,144,152,524,25,701,11,659,42,701,45640,47170,629,2020-10-09
Lombardia,361,41,10004,10406,82484,16979,109869,683,97091,12778,109869,1408098,2254865,22069,2020-10-08
Piemonte,311,16,3652,3979,29043,4172,37194,336,24168,13026,37194,459191,771156,7468,2020-10-08
Emilia-Romagna,232,13,5179,5424,26722,4492,36638,184,31698,4940,36638,704510,1257805,11695,2020-10-08
Veneto,213,19,4851,5083,22620,2206,29909,491,21837,8072,29909,790836,2023146,16958,2020-10-08
Lazio,821,55,7976,8852,8936,960,18748,359,8845,9903,18748,805125,973956,13333,2020-10-08
Toscana,132,27,4590,4749,10693,1170,16612,339,12785,3827,16612,541159,806096,9050,2020-10-08
Campania,548,55,8347,8950,7044,470,16464,757,14672,1792,16464,430106,654892,9925,2020-10-08
Liguria,195,28,1932,2155,10705,1614,14474,152,10066,4408,14474,179543,336672,3857,2020-10-08
Puglia,278,23,3033,3334,4929,604,8867,248,2555,6312,8867,312343,440278,4754,2020-10-08
Sicilia,376,33,3287,3696,4454,329,8479,259,5441,3038,8479,383416,529533,7374,2020-10-08
Marche,34,5,1068,1107,6251,992,8350,66,8350,0,8350,153648,261317,2062,2020-10-08
PA Trento,18,0,672,690,5259,406,6355,59,3820,2535,6355,103685,244108,2508,2020-10-08
Friuli Venezia Giulia,23,6,991,1020,3769,355,5144,110,4732,412,5144,194340,439370,4953,2020-10-08
Abruzzo,90,7,1055,1152,3145,486,4783,68,4061,722,4783,137364,215967,2332,2020-10-08
Sardegna,129,19,2322,2470,1977,161,4608,127,2126,2482,4608,174362,206533,2103,2020-10-08
PA Bolzano,30,1,695,726,2785,292,3803,69,3803,0,3803,97393,187835,1897,2020-10-08
Umbria,50,8,805,863,1956,87,2906,84,1770,1136,2906,131965,221146,2380,2020-10-08
Calabria,39,1,563,603,1441,102,2146,21,1159,987,2146,214128,216234,1905,2020-10-08
Valle d'Aosta,4,1,117,122,1116,146,1384,18,1244,140,1384,21086,30644,249,2020-10-08
Basilicata,35,0,394,429,511,35,975,22,433,542,975,78439,79406,737,2020-10-08
Molise,6,0,136,142,523,25,690,6,648,42,690,45014,46541,489,2020-10-08
Lombardia,339,40,9498,9877,82331,16978,109186,520,96683,12503,109186,1395667,2232796,21569,2020-10-07
Piemonte,297,15,3412,3724,28962,4172,36858,287,24075,12783,36858,456021,763688,7523,2020-10-07
Emilia-Romagna,223,14,5058,5295,26668,4491,36454,193,31585,4869,36454,698835,1246110,14881,2020-10-07
Veneto,214,16,4524,4754,22464,2200,29418,375,21700,7718,29418,784296,2006188,15164,2020-10-07
Lazio,808,48,7724,8580,8855,954,18389,357,8713,9676,18389,795451,960623,11908,2020-10-07
Toscana,123,28,4279,4430,10673,1170,16273,300,12593,3680,16273,535058,797046,10014,2020-10-07
Campania,520,52,7771,8343,6895,469,15707,544,13925,1782,15707,422215,644967,7504,2020-10-07
Liguria,196,24,1812,2032,10676,1614,14322,176,10046,4276,14322,177511,332815,3726,2020-10-07
Puglia,251,23,2859,3133,4883,603,8619,196,2502,6117,8619,309260,435524,4822,2020-10-07
Marche,31,5,1016,1052,6240,992,8284,84,8284,0,8284,152490,259255,2517,2020-10-07
Sicilia,375,30,3144,3549,4345,326,8220,213,5299,2921,8220,378610,522159,6579,2020-10-07
PA Trento,18,0,631,649,5241,406,6296,32,3807,2489,6296,102992,241600,2001,2020-10-07
Friuli Venezia Giulia,26,6,913,945,3734,355,5034,72,4632,402,5034,192089,434417,5174,2020-10-07
Abruzzo,88,6,1004,1098,3132,485,4715,61,4002,713,4715,136225,213635,2507,2020-10-07
Sardegna,128,19,2243,2390,1931,160,4481,101,2101,2380,4481,172673,204430,2056,2020-10-07
PA Bolzano,21,1,645,667,2775,292,3734,55,3734,0,3734,96289,185938,1642,2020-10-07
Umbria,44,8,756,808,1928,86,2822,65,1742,1080,2822,135552,218766,2278,2020-10-07
Calabria,37,1,553,591,1432,102,2125,16,1159,966,2125,212223,214329,2001,2020-10-07
Valle d'Aosta,4,1,102,107,1113,146,1366,15,1227,139,1366,20931,30395,264,2020-10-07
Basilicata,35,0,379,414,504,35,953,15,433,520,953,77839,78669,760,2020-10-07
Molise,4,0,134,138,521,25,684,1,642,42,684,44539,46052,424,2020-10-07
Lombardia,320,40,9149,9509,82184,16973,108666,350,96365,12301,108666,1380719,2211227,16020,2020-10-06
Piemonte,293,15,3274,3582,28819,4170,36571,259,23999,12572,36571,452847,756165,8104,2020-10-06
Emilia-Romagna,212,13,4929,5154,26617,4490,36261,172,31487,4774,36261,691551,1231229,11386,2020-10-06
Veneto,208,15,4303,4526,22319,2198,29043,189,21623,7420,29043,777300,1991024,10093,2020-10-06
Lazio,774,44,7472,8290,8794,948,18032,275,8611,9421,18032,786768,948715,10855,2020-10-06
Toscana,117,28,4054,4199,10606,1168,15973,209,12422,3551,15973,528501,787032,6965,2020-10-06
Campania,488,47,7442,7977,6718,468,15163,395,13406,1757,15163,416074,637463,5064,2020-10-06
Liguria,178,23,1724,1925,10609,1612,14146,170,9972,4174,14146,175730,329089,3325,2020-10-06
Puglia,244,21,2726,2991,4829,603,8423,106,2470,5953,8423,306067,430702,4416,2020-10-06
Marche,29,6,947,982,6226,992,8200,35,8200,0,8200,150966,256738,1562,2020-10-06
Sicilia,368,28,3052,3448,4237,322,8007,198,5174,2833,8007,374604,515580,6754,2020-10-06
PA Trento,22,0,641,663,5195,406,6264,40,3801,2463,6264,102600,239599,1047,2020-10-06
Friuli Venezia Giulia,24,5,879,908,3699,355,4962,51,4564,398,4962,190029,429243,3048,2020-10-06
Abruzzo,81,6,971,1058,3113,484,4655,48,3964,691,4655,134677,211128,1548,2020-10-06
Sardegna,125,19,2181,2325,1898,157,4380,63,2079,2301,4380,170991,202374,2319,2020-10-06
PA Bolzano,21,0,609,630,2757,292,3679,17,3679,0,3679,95487,184296,1002,2020-10-06
Umbria,45,5,698,748,1923,86,2757,62,1727,1030,2757,129274,216488,2622,2020-10-06
Calabria,38,1,546,585,1422,102,2109,23,1159,950,2109,210222,212328,1882,2020-10-06
Valle d'Aosta,5,1,87,93,1112,146,1351,5,1214,137,1351,20774,30131,151,2020-10-06
Basilicata,30,2,371,403,502,33,938,4,429,509,938,77079,77909,1024,2020-10-06
Molise,3,0,135,138,520,25,683,6,641,42,683,44119,45628,555,2020-10-06
Lombardia,305,41,9186,9532,81811,16973,108316,251,96143,12173,108316,1370079,2195207,8075,2020-10-05
Piemonte,273,15,3135,3423,28721,4168,36312,129,23944,12368,36312,447344,748061,3902,2020-10-05
Emilia-Romagna,213,11,4822,5046,26556,4487,36089,167,31396,4693,36089,686918,1219843,5008,2020-10-05
Veneto,182,20,4199,4401,22259,2194,28854,230,21556,7298,28854,773489,1980931,6986,2020-10-05
Lazio,764,48,7330,8142,8671,944,17757,248,8505,9252,17757,778041,937860,11402,2020-10-05
Toscana,112,32,3921,4065,10531,1168,15764,185,12297,3467,15764,523569,780067,5314,2020-10-05
Campania,463,43,7203,7709,6593,466,14768,431,13032,1736,14768,412392,632399,4867,2020-10-05
Liguria,180,24,1703,1907,10459,1610,13976,107,9913,4063,13976,174024,325764,1594,2020-10-05
Puglia,239,14,2703,2956,4762,599,8317,83,2449,5868,8317,302788,426286,1417,2020-10-05
Marche,28,6,920,954,6219,992,8165,22,8165,0,8165,150061,255176,712,2020-10-05
Sicilia,361,28,2969,3358,4130,321,7809,128,5062,2747,7809,370087,508826,2656,2020-10-05
PA Trento,17,0,633,650,5168,406,6224,49,3792,2432,6224,102111,238552,1204,2020-10-05
Friuli Venezia Giulia,23,5,840,868,3690,353,4911,21,4519,392,4911,188881,426195,1152,2020-10-05
Abruzzo,72,7,938,1017,3108,482,4607,30,3925,682,4607,133682,209580,1244,2020-10-05
Sardegna,116,19,2191,2326,1835,156,4317,88,2071,2246,4317,169073,200055,1622,2020-10-05
PA Bolzano,21,0,606,627,2743,292,3662,17,3662,0,3662,94956,183294,829,2020-10-05
Umbria,42,5,659,706,1903,86,2695,19,1713,982,2695,127714,213866,421,2020-10-05
Calabria,37,2,544,583,1402,101,2086,23,1159,927,2086,208340,210446,1360,2020-10-05
Valle d'Aosta,6,1,86,93,1107,146,1346,13,1209,137,1346,20687,29980,138,2020-10-05
Basilicata,30,2,371,403,498,33,934,14,429,505,934,76055,76885,138,2020-10-05
Molise,3,0,134,137,515,25,677,2,635,42,677,43575,45073,200,2020-10-05
Lombardia,296,39,9026,9361,81733,16971,108065,314,95940,12125,108065,1365206,2187132,14795,2020-10-04
Piemonte,216,13,3141,3370,28646,4167,36183,173,23920,12263,36183,446474,744159,5004,2020-10-04
Emilia-Romagna,212,11,4731,4954,26482,4486,35922,179,31313,4609,35922,684859,1214835,7058,2020-10-04
Veneto,178,20,4037,4235,22195,2194,28624,261,21502,7122,28624,771021,1973945,12817,2020-10-04
Lazio,737,48,7148,7933,8637,939,17509,244,8425,9084,17509,768942,926458,11737,2020-10-04
Toscana,99,26,3837,3962,10451,1166,15579,188,12196,3383,15579,519910,774753,8305,2020-10-04
Campania,450,41,6909,7400,6472,465,14337,412,12634,1703,14337,408931,627532,7250,2020-10-04
Liguria,167,23,1687,1877,10382,1610,13869,121,9843,4026,13869,173211,324170,2385,2020-10-04
Puglia,231,13,2653,2897,4739,598,8234,151,2440,5794,8234,301067,424869,3486,2020-10-04
Marche,24,6,911,941,6210,992,8143,59,8143,0,8143,149612,254464,1862,2020-10-04
Sicilia,329,24,2894,3247,4115,319,7681,85,4981,2700,7681,368405,506170,3498,2020-10-04
PA Trento,17,0,612,629,5140,406,6175,34,3786,2389,6175,101675,237348,1524,2020-10-04
Friuli Venezia Giulia,18,5,828,851,3686,353,4890,50,4503,387,4890,188339,425043,2368,2020-10-04
Abruzzo,70,6,919,995,3101,481,4577,37,3911,666,4577,132948,208336,2342,2020-10-04
Sardegna,114,20,2145,2279,1794,156,4229,111,2040,2189,4229,167736,198433,1783,2020-10-04
PA Bolzano,28,0,588,616,2737,292,3645,32,3645,0,3645,94635,182465,1106,2020-10-04
Umbria,42,4,649,695,1895,86,2676,72,1710,966,2676,127485,213445,2126,2020-10-04
Calabria,36,2,537,575,1387,101,2063,19,1159,904,2063,206980,209086,1796,2020-10-04
Valle d'Aosta,6,0,75,81,1106,146,1333,7,1197,136,1333,20588,29842,175,2020-10-04
Basilicata,15,2,373,390,497,33,920,14,426,494,920,75915,76747,800,2020-10-04
Molise,2,0,139,141,509,25,675,15,634,41,675,43376,44873,497,2020-10-04
Lombardia,293,42,8827,9162,81620,16969,107751,393,95707,12044,107751,1355640,2172337,18860,2020-10-03
Piemonte,214,12,3051,3277,28567,4166,36010,279,23810,12200,36010,442510,739155,6560,2020-10-03
Emilia-Romagna,200,11,4579,4790,26468,4485,35743,167,31230,4513,35743,680394,1207777,9867,2020-10-03
Veneto,174,21,3917,4112,22058,2193,28363,276,21482,6881,28363,765605,1961128,19891,2020-10-03
Lazio,711,47,6967,7725,8607,933,17265,261,8335,8930,17265,759903,914721,13349,2020-10-03
Toscana,99,24,3667,3790,10435,1166,15391,197,12084,3307,15391,514176,766448,8839,2020-10-03
Campania,434,40,6568,7042,6418,465,13925,401,12268,1657,13925,403167,620282,7498,2020-10-03
Liguria,167,21,1672,1860,10279,1609,13748,162,9779,3969,13748,171959,321785,4202,2020-10-03
Marche,23,6,867,896,6197,991,8084,59,8084,0,8084,148490,252602,2059,2020-10-03
Puglia,226,12,2523,2761,4724,598,8083,111,2412,5671,8083,299404,421383,3918,2020-10-03
Sicilia,322,20,2829,3171,4108,317,7596,182,4931,2665,7596,366048,502672,6638,2020-10-03
PA Trento,16,0,602,618,5117,406,6141,62,3776,2365,6141,101101,235824,2136,2020-10-03
Friuli Venezia Giulia,17,5,806,828,3659,353,4840,51,4458,382,4840,187109,422675,3900,2020-10-03
Abruzzo,66,6,890,962,3097,481,4540,42,3874,666,4540,131710,205994,2102,2020-10-03
Sardegna,113,21,2052,2186,1777,155,4118,62,2018,2100,4118,166214,196650,2069,2020-10-03
PA Bolzano,28,0,576,604,2717,292,3613,24,3613,0,3613,94145,181359,1368,2020-10-03
Umbria,41,5,588,634,1885,85,2604,42,1696,908,2604,126315,211319,2139,2020-10-03
Calabria,36,2,520,558,1386,100,2044,24,1159,885,2044,205184,207290,1902,2020-10-03
Valle d'Aosta,7,0,68,75,1105,146,1326,0,1190,136,1326,20476,29667,133,2020-10-03
Basilicata,15,2,370,387,486,33,906,49,425,481,906,75517,75947,1039,2020-10-03
Molise,3,0,125,128,507,25,660,0,620,40,660,42882,44376,463,2020-10-03
Lombardia,302,39,8825,9166,81228,16964,107358,307,95507,11851,107358,1343544,2153477,19842,2020-10-02
Piemonte,217,13,2830,3060,28505,4166,35731,219,23594,12137,35731,438901,732595,6549,2020-10-02
Emilia-Romagna,201,11,4465,4677,26416,4484,35577,163,31139,4438,35577,676766,1197910,13054,2020-10-02
Veneto,167,22,3838,4027,21871,2189,28087,191,21400,6687,28087,757440,1941237,18637,2020-10-02
Lazio,678,49,6820,7547,8529,928,17004,264,8258,8746,17004,749852,901372,11952,2020-10-02
Toscana,103,24,3504,3631,10398,1165,15194,223,11987,3207,15194,508398,757609,8873,2020-10-02
Liguria,161,23,1645,1829,10149,1608,13586,140,9687,3899,13586,169760,317583,3619,2020-10-02
Campania,439,39,6267,6745,6315,464,13524,392,11882,1642,13524,397526,612784,8482,2020-10-02
Marche,25,4,815,844,6191,990,8025,42,8025,0,8025,147169,250543,2119,2020-10-02
Puglia,223,13,2427,2663,4712,597,7972,72,2392,5580,7972,296760,417465,3949,2020-10-02
Sicilia,303,21,2724,3048,4052,314,7414,140,4821,2593,7414,362142,496034,5552,2020-10-02
PA Trento,16,0,571,587,5086,406,6079,39,3756,2323,6079,100451,233688,1731,2020-10-02
Friuli Venezia Giulia,18,2,773,793,3643,353,4789,66,4412,377,4789,185748,418775,4683,2020-10-02
Abruzzo,58,6,874,938,3079,481,4498,49,3845,653,4498,130591,203892,2408,2020-10-02
Sardegna,106,21,2027,2154,1747,155,4056,60,2003,2053,4056,164505,194581,1876,2020-10-02
PA Bolzano,28,0,559,587,2710,292,3589,21,3589,0,3589,93443,179991,1749,2020-10-02
Umbria,39,4,567,610,1867,85,2562,62,1686,876,2562,125136,209180,1925,2020-10-02
Calabria,34,1,503,538,1382,100,2020,18,1159,861,2020,203282,205388,1742,2020-10-02
Valle d'Aosta,8,0,69,77,1103,146,1326,11,1190,136,1326,20378,29534,154,2020-10-02
Basilicata,11,2,332,345,482,30,857,16,425,432,857,74088,74908,933,2020-10-02
Molise,5,0,126,131,505,24,660,4,620,40,660,42437,43913,472,2020-10-02
Lombardia,298,35,8834,9167,80924,16960,107051,324,95322,11729,107051,1331274,2133635,24691,2020-10-01
Piemonte,203,12,2692,2907,28440,4165,35512,110,23430,12082,35512,436125,726046,5073,2020-10-01
Emilia-Romagna,206,14,4434,4654,26276,4484,35414,103,31062,4352,35414,670418,1184856,8418,2020-10-01
Veneto,180,24,3761,3965,21748,2183,27896,445,21310,6586,27896,748630,1922600,18274,2020-10-01
Lazio,666,49,6628,7343,8474,923,16740,265,8177,8563,16740,740268,889420,11373,2020-10-01
Toscana,106,22,3340,3468,10338,1165,14971,144,11900,3071,14971,502556,748736,8253,2020-10-01
Liguria,152,21,1598,1771,10067,1608,13446,111,9624,3822,13446,167855,313964,3597,2020-10-01
Campania,421,38,5937,6396,6273,463,13132,390,11501,1631,13132,391374,604302,8311,2020-10-01
Marche,24,6,783,813,6180,990,7983,28,7983,0,7983,145986,248424,2137,2020-10-01
Puglia,217,14,2376,2607,4697,596,7900,114,2384,5516,7900,294298,413516,4152,2020-10-01
Sicilia,307,20,2609,2936,4026,312,7274,156,4726,2548,7274,358336,490482,6637,2020-10-01
PA Trento,15,0,579,594,5040,406,6040,48,3741,2299,6040,99722,231957,1883,2020-10-01
Friuli Venezia Giulia,20,4,735,759,3613,351,4723,57,4355,368,4723,183898,414092,4312,2020-10-01
Abruzzo,52,5,852,909,3059,481,4449,30,3799,650,4449,129248,201484,1992,2020-10-01
Sardegna,110,20,2006,2136,1705,155,3996,96,1995,2001,3996,162894,192705,2058,2020-10-01
PA Bolzano,28,0,554,582,2694,292,3568,29,3568,0,3568,92681,178242,1734,2020-10-01
Umbria,38,3,521,562,1853,85,2500,46,1681,819,2500,124094,207255,1931,2020-10-01
Calabria,32,2,503,537,1365,100,2002,17,1159,843,2002,201540,203646,1972,2020-10-01
Valle d'Aosta,7,0,62,69,1100,146,1315,1,1182,133,1315,20265,29380,254,2020-10-01
Basilicata,11,2,325,338,474,29,841,33,425,416,841,73155,73975,939,2020-10-01
Molise,4,0,130,134,498,24,656,1,616,40,656,41971,43441,245,2020-10-01
Lombardia,306,34,8720,9060,80712,16955,106727,201,95122,11605,106727,1315230,2108944,18804,2020-09-30
Piemonte,196,12,2636,2844,28394,4164,35402,170,23357,12045,35402,434855,720973,6604,2020-09-30
Emilia-Romagna,205,14,4434,4653,26174,4484,35311,101,31010,4301,35311,667137,1176438,9938,2020-09-30
Veneto,173,21,3538,3732,21541,2178,27451,155,21197,6254,27451,742361,1904326,12445,2020-09-30
Lazio,659,47,6442,7148,8409,918,16475,210,8086,8389,16475,732123,878047,10343,2020-09-30
Toscana,97,22,3283,3402,10261,1164,14827,120,11834,2993,14827,497351,740483,7703,2020-09-30
Liguria,143,22,1574,1739,9992,1604,13335,51,9556,3779,13335,166142,310367,3204,2020-09-30
Campania,414,39,5660,6113,6166,463,12742,287,11123,1619,12742,383899,595991,5584,2020-09-30
Marche,28,2,765,795,6170,990,7955,23,7955,0,7955,144940,246287,1615,2020-09-30
Puglia,218,11,2287,2516,4675,595,7786,99,2360,5426,7786,291519,409364,4577,2020-09-30
Sicilia,301,19,2546,2866,3941,311,7118,170,4641,2477,7118,354475,483845,6645,2020-09-30
PA Trento,14,0,553,567,5019,406,5992,37,3735,2257,5992,99092,230074,2420,2020-09-30
Friuli Venezia Giulia,19,6,693,718,3597,351,4666,28,4314,352,4666,182145,409780,3542,2020-09-30
Abruzzo,52,5,824,881,3057,481,4419,23,3778,641,4419,128012,199492,1778,2020-09-30
Sardegna,101,19,1941,2061,1685,154,3900,51,1958,1942,3900,161097,190647,3127,2020-09-30
PA Bolzano,28,0,533,561,2686,292,3539,17,3539,0,3539,91761,176508,1797,2020-09-30
Umbria,39,3,495,537,1832,85,2454,46,1668,786,2454,122979,205324,1940,2020-09-30
Calabria,33,2,520,555,1330,100,1985,18,1159,826,1985,199568,201674,1897,2020-09-30
Valle d'Aosta,6,0,69,75,1093,146,1314,6,1181,133,1314,20125,29126,200,2020-09-30
Basilicata,11,2,294,307,472,29,808,32,425,383,808,72216,73036,883,2020-09-30
Molise,4,0,129,133,498,24,655,6,615,40,655,41728,43196,518,2020-09-30
Lombardia,315,33,8751,9099,80476,16951,106526,203,95011,11515,106526,1303500,2090140,13791,2020-09-29
Piemonte,193,12,2527,2732,28337,4163,35232,100,23262,11970,35232,431233,714369,6660,2020-09-29
Emilia-Romagna,204,14,4492,4710,26016,4484,35210,97,30967,4243,35210,662825,1166500,10580,2020-09-29
Veneto,167,21,3483,3671,21448,2177,27296,140,21130,6166,27296,737524,1891881,11172,2020-09-29
Lazio,674,45,6330,7049,8303,913,16265,219,7999,8266,16265,724000,867704,9370,2020-09-29
Toscana,97,20,3251,3368,10175,1164,14707,56,11776,2931,14707,492445,732780,4731,2020-09-29
Liguria,143,22,1553,1718,9963,1603,13284,89,9554,3730,13284,164500,307163,2584,2020-09-29
Campania,417,35,5513,5965,6027,463,12455,286,10844,1611,12455,378937,590407,6335,2020-09-29
Marche,26,3,752,781,6161,990,7932,26,7932,0,7932,144152,244672,1540,2020-09-29
Puglia,210,14,2209,2433,4662,592,7687,76,2344,5343,7687,288503,404787,4222,2020-09-29
Sicilia,293,16,2478,2787,3851,310,6948,163,4541,2407,6948,350664,477200,6115,2020-09-29
PA Trento,11,0,576,587,4962,406,5955,13,3724,2231,5955,98077,227654,1110,2020-09-29
Friuli Venezia Giulia,21,6,697,724,3563,351,4638,28,4286,352,4638,180925,406238,2976,2020-09-29
Abruzzo,52,4,809,865,3051,481,4397,14,3764,633,4397,126999,197714,1088,2020-09-29
Sardegna,102,19,1910,2031,1667,151,3849,82,1944,1905,3849,158909,187520,1686,2020-09-29
PA Bolzano,28,0,538,566,2664,292,3522,8,3522,0,3522,91062,174711,984,2020-09-29
Umbria,39,3,478,520,1803,85,2408,23,1659,749,2408,121933,203384,2633,2020-09-29
Calabria,34,2,508,544,1323,100,1967,10,1159,808,1967,197671,199777,1387,2020-09-29
Valle d'Aosta,4,0,65,69,1093,146,1308,8,1176,132,1308,19979,28926,161,2020-09-29
Basilicata,13,1,262,276,471,29,776,6,425,351,776,71333,72153,941,2020-09-29
Molise,5,1,129,135,490,24,649,1,609,40,649,41224,42678,119,2020-09-29
Lombardia,306,31,8997,9334,80041,16948,106323,119,94891,11432,106323,1293542,2076349,7933,2020-09-28
Piemonte,180,12,2492,2684,28287,4161,35132,94,23202,11930,35132,428535,707709,3086,2020-09-28
Emilia-Romagna,201,15,4469,4685,25946,4482,35113,85,30912,4201,35113,658254,1155920,5095,2020-09-28
Veneto,155,21,3445,3621,21359,2176,27156,183,21124,6032,27156,733252,1880709,4863,2020-09-28
Lazio,640,41,6240,6921,8215,910,16046,211,7929,8117,16046,716730,858334,7906,2020-09-28
Toscana,93,22,3278,3393,10098,1160,14651,85,11759,2892,14651,489436,728049,4396,2020-09-28
Liguria,145,24,1601,1770,9825,1600,13195,109,9545,3650,13195,163180,304579,1975,2020-09-28
Campania,412,30,5298,5740,5968,461,12169,295,10572,1597,12169,374216,584072,5592,2020-09-28
Marche,25,4,733,762,6154,990,7906,5,7906,0,7906,143293,243132,382,2020-09-28
Puglia,214,15,2190,2419,4600,592,7611,90,2337,5274,7611,285597,400565,1456,2020-09-28
Sicilia,294,15,2434,2743,3733,309,6785,102,4458,2327,6785,346506,471085,2414,2020-09-28
PA Trento,11,0,604,615,4921,406,5942,20,3721,2221,5942,97622,226544,208,2020-09-28
Friuli Venezia Giulia,18,6,697,721,3538,351,4610,2,4261,349,4610,179938,403262,700,2020-09-28
Abruzzo,54,4,799,857,3048,479,4384,4,3763,621,4384,126392,196626,189,2020-09-28
Sardegna,109,17,1843,1969,1648,150,3767,37,1932,1835,3767,157411,185834,1335,2020-09-28
PA Bolzano,26,0,534,560,2662,292,3514,25,3514,0,3514,90576,173727,1000,2020-09-28
Umbria,38,3,467,508,1792,85,2385,11,1655,730,2385,120628,200751,601,2020-09-28
Calabria,36,2,508,546,1311,100,1957,5,1159,798,1957,196284,198390,975,2020-09-28
Valle d'Aosta,3,0,62,65,1089,146,1300,1,1169,131,1300,19888,28765,103,2020-09-28
Basilicata,13,1,259,273,468,29,770,7,425,345,770,70392,71212,186,2020-09-28
Molise,4,1,132,137,487,24,648,4,608,40,648,41105,42559,714,2020-09-28
Lombardia,302,31,8904,9237,80021,16946,106204,216,94827,11377,106204,1288690,2068416,16567,2020-09-27
Piemonte,166,10,2457,2633,28244,4161,35038,132,23230,11808,35038,426733,704623,4274,2020-09-27
Emilia-Romagna,201,15,4466,4682,25864,4482,35028,96,30863,4165,35028,655624,1150825,9295,2020-09-27
Veneto,148,21,3321,3490,21307,2176,26973,159,21088,5885,26973,731147,1875846,9683,2020-09-27
Lazio,610,38,6161,6809,8119,907,15835,181,7866,7969,15835,710057,850428,8851,2020-09-27
Toscana,82,23,3302,3407,10002,1157,14566,101,11728,2838,14566,486576,723653,7541,2020-09-27
Liguria,137,22,1579,1738,9749,1599,13086,45,9481,3605,13086,162174,302604,1908,2020-09-27
Campania,400,30,5160,5590,5824,460,11874,245,10290,1584,11874,371640,578480,5539,2020-09-27
Marche,20,2,738,760,6151,990,7901,24,7901,0,7901,143076,242750,1599,2020-09-27
Puglia,210,12,2182,2404,4527,590,7521,76,2331,5190,7521,283877,399109,2683,2020-09-27
Sicilia,268,14,2377,2659,3716,308,6683,107,4398,2285,6683,345016,468671,4202,2020-09-27
PA Trento,12,0,586,598,4919,405,5922,42,3713,2209,5922,97509,226336,1542,2020-09-27
Friuli Venezia Giulia,18,6,696,720,3537,351,4608,28,4259,349,4608,179595,402562,2344,2020-09-27
Abruzzo,50,5,807,862,3040,478,4380,47,3759,621,4380,126265,196437,2188,2020-09-27
Sardegna,110,18,1836,1964,1617,149,3730,139,1926,1804,3730,156237,184499,2485,2020-09-27
PA Bolzano,26,0,521,547,2650,292,3489,22,3489,0,3489,90172,172727,2242,2020-09-27
Umbria,33,3,465,501,1788,85,2374,21,1651,723,2374,120300,200150,2065,2020-09-27
Calabria,35,2,507,544,1308,100,1952,31,1159,793,1952,195309,197415,1870,2020-09-27
Valle d'Aosta,3,0,63,66,1087,146,1299,0,1168,131,1299,19826,28662,178,2020-09-27
Basilicata,13,1,252,266,468,29,763,47,425,338,763,70206,71026,519,2020-09-27
Molise,2,1,138,141,479,24,644,7,604,40,644,40403,41845,139,2020-09-27
Lombardia,312,30,8745,9087,79960,16941,105988,256,94691,11297,105988,1278033,2051849,19137,2020-09-26
Emilia-Romagna,200,17,4500,4717,25734,4481,34932,99,30821,4111,34932,651887,1141530,10107,2020-09-26
Piemonte,164,10,2389,2563,28183,4160,34906,107,23264,11642,34906,423689,700349,5417,2020-09-26
Veneto,147,21,3264,3432,21208,2174,26814,216,21048,5766,26814,727456,1866163,16415,2020-09-26
Lazio,591,35,6041,6667,8081,906,15654,219,7797,7857,15654,703206,841577,9791,2020-09-26
Toscana,84,24,3219,3327,9981,1157,14465,110,11683,2782,14465,481455,716112,6953,2020-09-26
Liguria,136,19,1582,1737,9705,1599,13041,97,9448,3593,13041,161282,300696,3016,2020-09-26
Campania,325,29,5127,5481,5688,460,11629,274,10058,1571,11629,367291,572941,6104,2020-09-26
Marche,23,2,716,741,6146,990,7877,26,7877,0,7877,142155,241151,1578,2020-09-26
Puglia,203,11,2123,2337,4518,590,7445,51,2316,5129,7445,282195,396426,3514,2020-09-26
Sicilia,255,13,2315,2583,3687,306,6576,110,4341,2235,6576,342008,464469,5558,2020-09-26
PA Trento,14,0,549,563,4912,405,5880,51,3711,2169,5880,96818,224794,2116,2020-09-26
Friuli Venezia Giulia,18,6,694,718,3512,350,4580,54,4240,340,4580,178499,400218,4475,2020-09-26
Abruzzo,54,5,762,821,3035,477,4333,16,3717,616,4333,124985,194249,1696,2020-09-26
Sardegna,109,18,1709,1836,1607,148,3591,63,1891,1700,3591,154219,182014,1904,2020-09-26
PA Bolzano,26,0,514,540,2635,292,3467,29,3467,0,3467,89488,170485,1479,2020-09-26
Umbria,34,3,463,500,1768,85,2353,35,1646,707,2353,118947,198085,2008,2020-09-26
Calabria,30,2,481,513,1308,100,1921,15,1159,762,1921,193439,195545,1764,2020-09-26
Valle d'Aosta,3,0,63,66,1087,146,1299,11,1168,131,1299,19697,28484,152,2020-09-26
Basilicata,14,1,214,229,459,28,716,25,425,291,716,69687,70507,830,2020-09-26
Molise,4,1,130,135,479,23,637,5,597,40,637,40259,41706,373,2020-09-26
Lombardia,300,30,8841,9171,79624,16937,105732,277,94550,11182,105732,1265754,2032712,20431,2020-09-25
Emilia-Romagna,189,18,4444,4651,25701,4481,34833,122,30776,4057,34833,647139,1131423,10040,2020-09-25
Piemonte,163,9,2330,2502,28138,4159,34799,120,23289,11510,34799,420303,694932,6284,2020-09-25
Veneto,140,19,3177,3336,21089,2173,26598,196,20994,5604,26598,721936,1849748,14188,2020-09-25
Lazio,563,36,5892,6491,8040,904,15435,230,7739,7696,15435,695956,831786,11026,2020-09-25
Toscana,87,24,3150,3261,9938,1156,14355,139,11622,2733,14355,477064,709159,7245,2020-09-25
Liguria,145,17,1564,1726,9621,1597,12944,73,9400,3544,12944,159717,297680,2753,2020-09-25
Campania,382,27,4849,5258,5638,459,11355,253,9798,1557,11355,362048,566837,7579,2020-09-25
Marche,22,2,697,721,6140,990,7851,33,7851,0,7851,141222,239573,1547,2020-09-25
Puglia,208,10,2091,2309,4498,587,7394,90,2304,5090,7394,279402,392912,3299,2020-09-25
Sicilia,235,13,2282,2530,3630,306,6466,107,4281,2185,6466,337774,458911,5330,2020-09-25
PA Trento,13,0,535,548,4876,405,5829,23,3699,2130,5829,95829,222678,2155,2020-09-25
Friuli Venezia Giulia,17,6,690,713,3463,350,4526,37,4192,334,4526,177070,395743,3899,2020-09-25
Abruzzo,58,5,754,817,3023,477,4317,51,3709,608,4317,124138,192553,1626,2020-09-25
Sardegna,112,19,1653,1784,1596,148,3528,57,1874,1654,3528,152652,180110,1956,2020-09-25
PA Bolzano,20,1,493,514,2632,292,3438,52,3438,0,3438,88792,169006,2698,2020-09-25
Umbria,32,3,450,485,1748,85,2318,23,1641,677,2318,117862,196077,1861,2020-09-25
Calabria,32,3,473,508,1300,98,1906,10,1159,747,1906,191675,193781,1908,2020-09-25
Valle d'Aosta,3,0,52,55,1087,146,1288,1,1158,130,1288,19587,28332,100,2020-09-25
Basilicata,13,1,191,205,458,28,691,13,423,268,691,68857,69677,850,2020-09-25
Molise,3,1,129,133,476,23,632,5,592,40,632,39893,41333,494,2020-09-25
Lombardia,303,31,8714,9048,79472,16935,105455,229,94409,11046,105455,1252897,2012281,21369,2020-09-24
Emilia-Romagna,192,20,4415,4627,25604,4480,34711,99,30716,3995,34711,643017,1121383,11096,2020-09-24
Piemonte,165,9,2288,2462,28059,4158,34679,104,23374,11305,34679,417396,688648,6366,2020-09-24
Veneto,144,17,3111,3272,20961,2169,26402,248,20912,5490,26402,717052,1835560,15459,2020-09-24
Lazio,544,35,5768,6347,7956,902,15205,230,7676,7529,15205,686623,820760,9951,2020-09-24
Toscana,95,24,3037,3156,9907,1153,14216,156,11569,2647,14216,472376,701914,7710,2020-09-24
Liguria,153,18,1483,1654,9621,1596,12871,102,9393,3478,12871,158350,294927,2991,2020-09-24
Campania,371,25,4761,5157,5488,457,11102,195,9568,1534,11102,355075,559258,7027,2020-09-24
Marche,25,3,672,700,6129,989,7818,17,7818,0,7818,140335,238026,1512,2020-09-24
Puglia,207,10,2046,2263,4455,586,7304,73,2287,5017,7304,276895,389613,4123,2020-09-24
Sicilia,237,16,2208,2461,3594,304,6359,125,4221,2138,6359,334504,453581,5169,2020-09-24
PA Trento,14,0,535,549,4852,405,5806,23,3696,2110,5806,94954,220523,1612,2020-09-24
Friuli Venezia Giulia,21,6,680,707,3432,350,4489,28,4158,331,4489,175810,391844,3034,2020-09-24
Abruzzo,50,4,716,770,3019,477,4266,17,3683,583,4266,123127,190927,1875,2020-09-24
Sardegna,112,18,1632,1762,1561,148,3471,66,1859,1612,3471,151015,178154,2325,2020-09-24
PA Bolzano,20,1,464,485,2609,292,3386,20,3386,0,3386,87710,166308,1542,2020-09-24
Umbria,30,3,442,475,1735,85,2295,29,1629,666,2295,116814,194216,1692,2020-09-24
Calabria,29,4,467,500,1298,98,1896,9,1159,737,1896,189767,191873,1842,2020-09-24
Valle d'Aosta,3,0,53,56,1085,146,1287,3,1157,130,1287,19525,28232,255,2020-09-24
Basilicata,13,1,182,196,454,28,678,9,423,255,678,68007,68827,746,2020-09-24
Molise,3,1,129,133,471,23,627,4,587,40,627,39412,40839,323,2020-09-24
Lombardia,308,33,8763,9104,79197,16925,105226,196,94288,10938,105226,1239028,1990912,22805,2020-09-23
Emilia-Romagna,187,20,4406,4613,25520,4479,34612,101,30673,3939,34612,636603,1110287,10061,2020-09-23
Piemonte,163,8,2247,2418,28000,4157,34575,95,23482,11093,34575,413848,682282,5620,2020-09-23
Veneto,139,16,3000,3155,20832,2167,26154,150,20835,5319,26154,711874,1820101,11967,2020-09-23
Lazio,521,32,5631,6184,7889,902,14975,195,7603,7372,14975,678371,810809,9112,2020-09-23
Toscana,97,24,2933,3054,9853,1153,14060,90,11493,2567,14060,467414,694204,7502,2020-09-23
Liguria,149,18,1426,1593,9582,1594,12769,108,9352,3417,12769,156756,291936,3766,2020-09-23
Campania,356,22,4689,5067,5383,457,10907,248,9379,1528,10907,350063,552231,3901,2020-09-23
Marche,24,4,658,686,6126,989,7801,32,7801,0,7801,139445,236514,1497,2020-09-23
Puglia,204,10,2008,2222,4426,583,7231,89,2271,4960,7231,274285,385490,4014,2020-09-23
Sicilia,230,16,2166,2412,3519,303,6234,89,4141,2093,6234,331383,448412,6039,2020-09-23
PA Trento,13,0,547,560,4818,405,5783,22,3685,2098,5783,94533,218911,2227,2020-09-23
Friuli Venezia Giulia,16,6,688,710,3401,350,4461,57,4136,325,4461,174659,388810,4770,2020-09-23
Abruzzo,55,4,701,760,3012,477,4249,22,3689,560,4249,122050,189052,1848,2020-09-23
Sardegna,100,21,1624,1745,1515,145,3405,49,1826,1579,3405,149069,175829,2169,2020-09-23
PA Bolzano,20,1,455,476,2598,292,3366,37,3366,0,3366,86974,164766,1426,2020-09-23
Umbria,30,3,435,468,1713,85,2266,19,1620,646,2266,115748,192524,1881,2020-09-23
Calabria,27,4,474,505,1284,98,1887,19,1159,728,1887,187925,190031,1893,2020-09-23
Valle d'Aosta,4,0,54,58,1080,146,1284,2,1154,130,1284,19381,27977,105,2020-09-23
Basilicata,12,1,179,192,449,28,669,17,422,247,669,67261,68081,577,2020-09-23
Molise,3,1,128,132,468,23,623,3,583,40,623,39092,40516,516,2020-09-23
Lombardia,294,34,8699,9027,79078,16925,105030,182,94164,10866,105030,1225067,1968107,14808,2020-09-22
Emilia-Romagna,185,22,4426,4633,25400,4478,34511,56,30622,3889,34511,631253,1100226,9791,2020-09-22
Piemonte,164,7,2222,2393,27931,4156,34480,84,23572,10908,34480,411192,676662,5963,2020-09-22
Veneto,141,14,2988,3143,20696,2165,26004,119,20745,5259,26004,707232,1808134,10035,2020-09-22
Lazio,482,31,5517,6030,7851,899,14780,238,7552,7228,14780,669956,801697,9022,2020-09-22
Toscana,98,21,2939,3058,9760,1152,13970,74,11457,2513,13970,462715,686702,5632,2020-09-22
Liguria,148,17,1365,1530,9539,1592,12661,105,9308,3353,12661,154818,288170,2642,2020-09-22
Campania,360,23,4572,4955,5247,457,10659,156,9137,1522,10659,345740,548330,4310,2020-09-22
Marche,24,3,633,660,6120,989,7769,18,7769,0,7769,138616,235017,1061,2020-09-22
Puglia,204,10,1976,2190,4371,581,7142,67,2253,4889,7142,271426,381476,4516,2020-09-22
Sicilia,224,15,2151,2390,3455,300,6145,108,4087,2058,6145,327407,442373,7008,2020-09-22
PA Trento,13,0,535,548,4808,405,5761,25,3679,2082,5761,93785,216684,999,2020-09-22
Friuli Venezia Giulia,21,5,677,703,3351,350,4404,14,4092,312,4404,173067,384040,2296,2020-09-22
Abruzzo,54,5,683,742,3010,475,4227,18,3669,558,4227,120852,187204,1122,2020-09-22
Sardegna,96,21,1606,1723,1490,143,3356,53,1809,1547,3356,147183,173660,2183,2020-09-22
PA Bolzano,20,1,427,448,2589,292,3329,8,3329,0,3329,86311,163340,1005,2020-09-22
Umbria,28,4,437,469,1694,84,2247,26,1616,631,2247,114754,190643,2443,2020-09-22
Calabria,29,4,457,490,1280,98,1868,24,1159,709,1868,186032,188138,1531,2020-09-22
Valle d'Aosta,4,0,45,49,1087,146,1282,1,1152,130,1282,19320,27872,157,2020-09-22
Basilicata,10,1,166,177,447,28,652,14,422,230,652,66694,67504,577,2020-09-22
Molise,5,1,125,131,466,23,620,2,580,40,620,38579,40000,202,2020-09-22
Lombardia,283,36,8757,9076,78849,16923,104848,90,94073,10775,104848,1213246,1953299,9963,2020-09-21
Emilia-Romagna,167,23,4428,4618,25361,4477,34456,116,30587,3869,34456,627269,1090435,5024,2020-09-21
Piemonte,143,7,2208,2358,27883,4155,34396,57,23667,10729,34396,410265,670699,2387,2020-09-21
Veneto,129,12,2993,3134,20589,2162,25885,103,20693,5192,25885,703443,1798099,6595,2020-09-21
Lazio,466,27,5347,5840,7807,895,14542,198,7467,7075,14542,662743,792675,8286,2020-09-21
Toscana,94,23,2901,3018,9726,1152,13896,84,11423,2473,13896,459147,681070,4138,2020-09-21
Liguria,145,15,1365,1525,9440,1591,12556,64,9281,3275,12556,153324,285528,1353,2020-09-21
Campania,345,21,4531,4897,5149,457,10503,243,8987,1516,10503,345005,544020,3405,2020-09-21
Marche,24,2,624,650,6112,989,7751,17,7751,0,7751,137930,233956,550,2020-09-21
Puglia,201,11,1977,2189,4306,580,7075,81,2238,4837,7075,268745,376960,1895,2020-09-21
Sicilia,203,14,2131,2348,3390,299,6037,75,4027,2010,6037,323104,435365,3102,2020-09-21
PA Trento,13,0,545,558,4773,405,5736,2,3674,2062,5736,93200,215685,118,2020-09-21
Friuli Venezia Giulia,20,5,671,696,3344,350,4390,13,4084,306,4390,172262,381744,886,2020-09-21
Abruzzo,58,5,676,739,2995,475,4209,72,3657,552,4209,120157,186082,3976,2020-09-21
PA Bolzano,16,1,423,440,2589,292,3321,20,3321,0,3321,85880,162335,1126,2020-09-21
Sardegna,98,20,1596,1714,1446,143,3303,64,1787,1516,3303,145340,171477,1082,2020-09-21
Umbria,25,4,439,468,1669,84,2221,5,1612,609,2221,113380,188200,593,2020-09-21
Calabria,30,4,434,468,1278,98,1844,12,1159,685,1844,184501,186607,920,2020-09-21
Valle d'Aosta,3,0,45,48,1087,146,1281,2,1151,130,1281,19210,27715,124,2020-09-21
Basilicata,7,1,155,163,447,28,638,1,420,218,638,66117,66927,82,2020-09-21
Molise,5,1,126,132,463,23,618,31,579,39,618,38386,39798,257,2020-09-21
Lombardia,264,38,8705,9007,78829,16922,104758,211,93998,10760,104758,1206551,1943336,14926,2020-09-20
Emilia-Romagna,169,19,4341,4529,25335,4476,34340,115,30531,3809,34340,625160,1085411,7635,2020-09-20
Piemonte,142,7,2177,2326,27859,4154,34339,98,23698,10641,34339,407611,668312,5221,2020-09-20
Veneto,124,10,2959,3093,20527,2162,25782,173,20655,5127,25782,701455,1791504,10952,2020-09-20
Lazio,422,23,5244,5689,7765,890,14344,165,7410,6934,14344,655297,784389,9464,2020-09-20
Toscana,86,23,2847,2956,9704,1152,13812,147,11394,2418,13812,455978,676932,8036,2020-09-20
Liguria,136,15,1310,1461,9440,1591,12492,85,9293,3199,12492,152634,284175,2049,2020-09-20
Campania,344,22,4309,4675,5129,456,10260,171,8758,1502,10260,339764,540615,7632,2020-09-20
Marche,21,2,619,642,6103,989,7734,31,7734,0,7734,137510,233406,1457,2020-09-20
Puglia,199,11,1918,2128,4287,579,6994,50,2234,4760,6994,267208,375065,2777,2020-09-20
Sicilia,194,13,2109,2316,3350,296,5962,116,4002,1960,5962,321168,432263,3120,2020-09-20
PA Trento,13,0,544,557,4772,405,5734,45,3673,2061,5734,93131,215567,1547,2020-09-20
Friuli Venezia Giulia,19,4,663,686,3341,350,4377,32,4074,303,4377,171811,380858,2069,2020-09-20
Abruzzo,48,5,626,679,2984,474,4137,0,3603,534,4137,117719,182106,0,2020-09-20
PA Bolzano,15,2,405,422,2587,292,3301,20,3301,0,3301,85316,161209,1530,2020-09-20
Sardegna,96,18,1551,1665,1433,141,3239,72,1776,1463,3239,144511,170395,1276,2020-09-20
Umbria,29,4,452,485,1648,83,2216,24,1607,609,2216,113041,187607,1300,2020-09-20
Calabria,30,4,427,461,1273,98,1832,22,1159,673,1832,183581,185687,1632,2020-09-20
Valle d'Aosta,4,0,47,51,1082,146,1279,3,1149,130,1279,19140,27591,176,2020-09-20
Basilicata,6,1,159,166,443,28,637,6,420,217,637,66035,66845,327,2020-09-20
Molise,4,1,99,104,460,23,587,1,548,39,587,38140,39541,302,2020-09-20
Lombardia,271,36,8628,8935,78695,16917,104547,243,93866,10681,104547,1197038,1928410,21721,2020-09-19
Piemonte,140,6,2158,2304,27783,4154,34241,74,23816,10425,34241,403513,663091,3848,2020-09-19
Emilia-Romagna,174,19,4245,4438,25313,4474,34225,133,30466,3759,34225,620451,1077776,8998,2020-09-19
Veneto,125,10,2910,3045,20406,2158,25609,186,20627,4982,25609,697466,1780552,16684,2020-09-19
Lazio,445,22,5071,5538,7751,890,14179,197,7376,6803,14179,646453,774925,10097,2020-09-19
Toscana,88,21,2718,2827,9686,1152,13665,143,11342,2323,13665,450613,668896,8651,2020-09-19
Liguria,140,16,1277,1433,9386,1588,12407,78,9219,3188,12407,151550,282126,2666,2020-09-19
Campania,327,19,4227,4573,5060,456,10089,149,8599,1490,10089,333778,532983,5515,2020-09-19
Marche,23,2,596,621,6093,989,7703,24,7703,0,7703,136589,231949,1458,2020-09-19
Puglia,201,13,1874,2088,4278,578,6944,108,2227,4717,6944,265618,372288,3717,2020-09-19
Sicilia,191,13,2028,2232,3318,296,5846,98,3929,1917,5846,318845,429143,4344,2020-09-19
PA Trento,10,0,524,534,4750,405,5689,22,3653,2036,5689,92546,214020,2375,2020-09-19
Friuli Venezia Giulia,20,3,658,681,3314,350,4345,33,4045,300,4345,170885,378789,3639,2020-09-19
Abruzzo,48,5,626,679,2984,474,4137,0,3603,534,4137,117719,182106,0,2020-09-19
PA Bolzano,15,2,388,405,2584,292,3281,26,3281,0,3281,84628,159679,2281,2020-09-19
Sardegna,91,18,1486,1595,1431,141,3167,59,1757,1410,3167,143431,169119,2396,2020-09-19
Umbria,27,4,440,471,1638,83,2192,32,1601,591,2192,112361,186307,1767,2020-09-19
Calabria,27,4,414,445,1267,98,1810,25,1159,651,1810,181949,184055,1880,2020-09-19
Valle d'Aosta,6,0,42,48,1082,146,1276,0,1146,130,1276,19040,27415,225,2020-09-19
Basilicata,6,1,158,165,438,28,631,3,415,216,631,65708,66518,634,2020-09-19
Molise,5,1,98,104,459,23,586,5,547,39,586,37847,39239,327,2020-09-19
Lombardia,284,32,8711,9027,78369,16908,104304,224,93748,10556,104304,1184027,1906689,16828,2020-09-18
Piemonte,140,6,2116,2262,27752,4153,34167,127,23856,10311,34167,401619,659243,4786,2020-09-18
Emilia-Romagna,182,21,4166,4369,25252,4472,34093,121,30405,3688,34093,616330,1068778,9674,2020-09-18
Veneto,115,8,2886,3009,20261,2153,25423,176,20564,4859,25423,691678,1763868,11985,2020-09-18
Lazio,459,17,4937,5413,7680,889,13982,193,7306,6676,13982,637844,764828,10558,2020-09-18
Toscana,95,21,2584,2700,9670,1152,13522,99,11271,2251,13522,444645,660245,7883,2020-09-18
Liguria,141,16,1257,1414,9329,1586,12329,158,9217,3112,12329,150104,279460,3955,2020-09-18
Campania,318,20,4127,4465,5020,455,9940,208,8456,1484,9940,328713,527468,7460,2020-09-18
Marche,22,1,583,606,6084,989,7679,29,7679,0,7679,135887,230491,1519,2020-09-18
Puglia,200,12,1774,1986,4273,577,6836,84,2207,4629,6836,263073,368571,3773,2020-09-18
Sicilia,179,15,1963,2157,3295,296,5748,179,3859,1889,5748,316122,424799,6329,2020-09-18
PA Trento,12,0,546,558,4704,405,5667,18,3645,2022,5667,91799,211645,1793,2020-09-18
Friuli Venezia Giulia,22,4,646,672,3291,349,4312,39,4017,295,4312,169788,375150,3152,2020-09-18
Abruzzo,48,5,626,679,2984,474,4137,54,3603,534,4137,117719,182106,1804,2020-09-18
PA Bolzano,15,2,368,385,2578,292,3255,72,3255,0,3255,83325,157398,1916,2020-09-18
Sardegna,89,17,1461,1567,1400,141,3108,66,1750,1358,3108,141571,166723,1938,2020-09-18
Umbria,27,5,423,455,1623,82,2160,21,1592,568,2160,111396,184540,1684,2020-09-18
Calabria,24,4,393,421,1266,98,1785,28,1159,626,1785,180069,182175,1777,2020-09-18
Valle d'Aosta,6,0,43,49,1081,146,1276,8,1146,130,1276,18953,27190,82,2020-09-18
Basilicata,6,1,156,163,437,28,628,0,415,213,628,65074,65884,438,2020-09-18
Molise,3,1,96,100,458,23,581,3,542,39,581,37522,38912,505,2020-09-18
Lombardia,272,32,8630,8934,78240,16906,104080,281,93616,10464,104080,1173781,1889861,21707,2020-09-17
Piemonte,136,6,2080,2222,27665,4153,34040,70,23925,10115,34040,399601,654457,4872,2020-09-17
Emilia-Romagna,178,21,4078,4277,25224,4471,33972,110,30355,3617,33972,612312,1059104,8414,2020-09-17
Veneto,109,12,2843,2964,20132,2151,25247,109,20476,4771,25247,687364,1751883,11579,2020-09-17
Lazio,492,16,4775,5283,7617,889,13789,181,7259,6530,13789,629051,754270,9381,2020-09-17
Toscana,89,20,2541,2650,9621,1152,13423,119,11228,2195,13423,439124,652362,7717,2020-09-17
Liguria,135,15,1208,1358,9227,1586,12171,40,9080,3091,12171,148192,275505,2295,2020-09-17
Campania,302,21,3984,4307,4970,455,9732,195,8380,1352,9732,321975,520008,8473,2020-09-17
Marche,20,2,560,582,6079,989,7650,37,7650,0,7650,135016,228972,1695,2020-09-17
Puglia,200,14,1701,1915,4262,575,6752,63,2191,4561,6752,260264,364798,4011,2020-09-17
PA Trento,11,0,560,571,4673,405,5649,76,3633,2016,5649,91333,209852,2099,2020-09-17
Sicilia,173,14,1856,2043,3231,295,5569,96,3750,1819,5569,312007,418470,5498,2020-09-17
Friuli Venezia Giulia,22,4,630,656,3268,349,4273,63,3988,285,4273,168808,371998,4081,2020-09-17
Abruzzo,45,5,582,632,2978,473,4083,33,3559,524,4083,116740,180302,1746,2020-09-17
PA Bolzano,15,2,309,326,2565,292,3183,15,3183,0,3183,82321,155482,1529,2020-09-17
Sardegna,84,17,1413,1514,1388,140,3042,51,1735,1307,3042,140077,164785,1949,2020-09-17
Umbria,25,5,437,467,1590,82,2139,22,1585,554,2139,110422,182856,1759,2020-09-17
Calabria,26,4,375,405,1254,98,1757,16,1159,598,1757,178292,180398,1845,2020-09-17
Valle d'Aosta,5,0,36,41,1081,146,1268,1,1138,130,1268,18904,27108,273,2020-09-17
Basilicata,6,1,159,166,434,28,628,5,415,213,628,64636,65446,583,2020-09-17
Molise,3,1,96,100,455,23,578,2,540,38,578,37023,38407,267,2020-09-17
Lombardia,264,30,8510,8804,78090,16905,103799,159,93456,10343,103799,1160353,1868154,17831,2020-09-16
Piemonte,123,6,2098,2227,27590,4153,33970,117,23957,10013,33970,397218,649585,4961,2020-09-16
Emilia-Romagna,174,19,3986,4179,25213,4470,33862,106,30293,3569,33862,607881,1050690,10024,2020-09-16
Veneto,107,14,2869,2990,19997,2151,25138,159,20393,4745,25138,683212,1740304,16413,2020-09-16
Lazio,467,18,4643,5128,7593,887,13608,165,7208,6400,13608,621049,744889,7911,2020-09-16
Toscana,88,20,2480,2588,9565,1151,13304,90,11177,2127,13304,433964,644645,6574,2020-09-16
Liguria,136,13,1174,1323,9225,1583,12131,73,9085,3046,12131,147046,273210,3335,2020-09-16
Campania,301,19,3877,4197,4888,452,9537,186,8213,1324,9537,315063,511535,6072,2020-09-16
Marche,15,2,544,561,6063,989,7613,38,7613,0,7613,134034,227277,1346,2020-09-16
Puglia,204,14,1645,1863,4252,574,6689,103,2179,4510,6689,257428,360787,4571,2020-09-16
PA Trento,13,0,488,501,4667,405,5573,32,3624,1949,5573,90609,207753,2528,2020-09-16
Sicilia,155,16,1817,1988,3190,295,5473,90,3690,1783,5473,308515,412972,5809,2020-09-16
Friuli Venezia Giulia,22,3,587,612,3249,349,4210,29,3949,261,4210,167456,367917,4227,2020-09-16
Abruzzo,42,5,559,606,2973,473,4052,18,3533,519,4052,115700,178556,1577,2020-09-16
PA Bolzano,17,2,304,323,2553,292,3168,12,3168,0,3168,81388,153953,1277,2020-09-16
Sardegna,88,17,1375,1480,1371,140,2991,27,1728,1263,2991,138426,162836,1818,2020-09-16
Umbria,27,5,436,468,1568,81,2117,17,1583,534,2117,109462,181097,1798,2020-09-16
Calabria,28,2,359,389,1254,98,1741,19,1159,582,1741,176447,178553,1669,2020-09-16
Valle d'Aosta,5,0,37,42,1079,146,1267,1,1137,130,1267,18731,26835,137,2020-09-16
Basilicata,6,1,157,164,431,28,623,5,414,209,623,64053,64863,533,2020-09-16
Molise,3,1,95,99,454,23,576,6,538,38,576,36757,38140,196,2020-09-16
Lombardia,263,29,8507,8799,77938,16903,103640,176,93359,10281,103640,1148425,1850323,19399,2020-09-15
Piemonte,112,8,2037,2157,27543,4153,33853,39,23962,9891,33853,394783,644624,3739,2020-09-15
Emilia-Romagna,168,17,3917,4102,25184,4470,33756,125,30239,3517,33756,603369,1040666,9885,2020-09-15
Veneto,102,15,2867,2984,19849,2146,24979,115,20368,4611,24979,677256,1723891,8122,2020-09-15
Lazio,453,18,4526,4997,7559,887,13443,139,7165,6278,13443,614394,736978,7727,2020-09-15
Toscana,93,17,2417,2527,9536,1151,13214,41,11151,2063,13214,429310,638071,4493,2020-09-15
Liguria,128,12,1111,1251,9225,1582,12058,141,9060,2998,12058,145476,269875,2445,2020-09-15
Campania,295,18,3767,4080,4819,452,9351,136,8041,1310,9351,310227,505463,3895,2020-09-15
Marche,17,2,517,536,6050,989,7575,14,7575,0,7575,133279,225931,1259,2020-09-15
Puglia,204,13,1559,1776,4237,573,6586,76,2160,4426,6586,255154,356216,4677,2020-09-15
PA Trento,9,0,465,474,4662,405,5541,20,3613,1928,5541,89798,205225,621,2020-09-15
Sicilia,141,17,1761,1919,3172,292,5383,77,3640,1743,5383,304795,407163,4327,2020-09-15
Friuli Venezia Giulia,24,2,583,609,3223,349,4181,20,3924,257,4181,166049,363690,2157,2020-09-15
Abruzzo,42,4,545,591,2970,473,4034,18,3520,514,4034,114687,176979,1019,2020-09-15
PA Bolzano,15,1,304,320,2544,292,3156,21,3156,0,3156,80736,152676,855,2020-09-15
Sardegna,86,18,1353,1457,1367,140,2964,36,1721,1243,2964,136896,161018,1616,2020-09-15
Umbria,23,6,430,459,1560,81,2100,22,1581,519,2100,108521,179299,2190,2020-09-15
Calabria,31,2,341,374,1250,98,1722,4,1159,563,1722,174778,176884,1185,2020-09-15
Valle d'Aosta,5,0,37,42,1078,146,1266,3,1135,131,1266,18657,26698,170,2020-09-15
Basilicata,6,1,154,161,429,28,618,5,414,204,618,63520,64330,497,2020-09-15
Molise,5,1,91,97,450,23,570,1,532,38,570,36565,37944,239,2020-09-15
Lombardia,262,28,8558,8848,77715,16901,103464,125,93294,10170,103464,1134109,1830924,7931,2020-09-14
Piemonte,114,9,2006,2129,27532,4153,33814,61,23990,9824,33814,393413,640885,2834,2020-09-14
Emilia-Romagna,165,18,3881,4064,25098,4469,33631,127,30178,3453,33631,599934,1030781,4849,2020-09-14
Veneto,96,14,2873,2983,19737,2144,24864,55,20329,4535,24864,673892,1715769,4261,2020-09-14
Lazio,410,17,4469,4896,7523,885,13304,181,7136,6168,13304,606736,729251,8818,2020-09-14
Toscana,82,18,2400,2500,9523,1150,13173,59,11136,2037,13173,426415,633578,3377,2020-09-14
Liguria,126,12,1062,1200,9135,1582,11917,65,9030,2887,11917,144077,267430,995,2020-09-14
Campania,286,19,3699,4004,4759,452,9215,90,7915,1300,9215,306866,501568,2845,2020-09-14
Marche,15,2,511,528,6044,989,7561,11,7561,0,7561,132543,224672,553,2020-09-14
Puglia,203,11,1499,1713,4225,572,6510,61,2151,4359,6510,252699,351539,1820,2020-09-14
PA Trento,11,0,448,459,4657,405,5521,20,3610,1911,5521,89459,204604,317,2020-09-14
Sicilia,136,16,1690,1842,3172,292,5306,65,3593,1713,5306,301876,402836,2158,2020-09-14
Friuli Venezia Giulia,22,3,567,592,3220,349,4161,4,3910,251,4161,165276,361533,832,2020-09-14
Abruzzo,41,4,532,577,2966,473,4016,1,3507,509,4016,114031,175960,106,2020-09-14
PA Bolzano,8,0,295,303,2540,292,3135,7,3135,0,3135,80293,151821,699,2020-09-14
Sardegna,85,16,1339,1440,1348,140,2928,54,1718,1210,2928,135511,159402,1322,2020-09-14
Umbria,19,5,419,443,1554,81,2078,12,1574,504,2078,107533,177109,592,2020-09-14
Calabria,29,2,344,375,1245,98,1718,3,1159,559,1718,173593,175699,674,2020-09-14
Valle d'Aosta,3,1,35,39,1078,146,1263,3,1132,131,1263,18560,26528,39,2020-09-14
Basilicata,5,1,150,156,429,28,613,0,414,199,613,63023,63833,62,2020-09-14
Molise,4,1,91,96,450,23,569,4,531,38,569,36332,37705,225,2020-09-14
Lombardia,252,28,8509,8789,77651,16899,103339,265,93207,10132,103339,1128937,1822993,12844,2020-09-13
Piemonte,100,8,1989,2097,27503,4153,33753,82,23979,9774,33753,391637,638051,3728,2020-09-13
Emilia-Romagna,156,17,3766,3939,25096,4469,33504,143,30116,3388,33504,597178,1025932,6114,2020-09-13
Veneto,95,14,2858,2967,19700,2142,24809,142,20314,4495,24809,671902,1711508,8090,2020-09-13
Lazio,424,17,4314,4755,7483,885,13123,143,7086,6037,13123,598963,720433,9580,2020-09-13
Toscana,80,17,2362,2459,9506,1149,13114,91,11112,2002,13114,424101,630201,6737,2020-09-13
Liguria,115,11,1017,1143,9130,1579,11852,78,9014,2838,11852,143543,266435,1682,2020-09-13
Campania,271,19,3651,3941,4733,451,9125,122,7839,1286,9125,304705,498723,4236,2020-09-13
Marche,14,2,504,520,6041,989,7550,39,7550,0,7550,132323,224119,1662,2020-09-13
Puglia,195,9,1474,1678,4201,570,6449,82,2148,4301,6449,250467,349719,2955,2020-09-13
PA Trento,9,0,433,442,4654,405,5501,9,3600,1901,5501,89234,204287,1166,2020-09-13
Sicilia,120,17,1656,1793,3158,290,5241,61,3556,1685,5241,300490,400678,2726,2020-09-13
Friuli Venezia Giulia,23,2,564,589,3219,349,4157,45,3907,250,4157,164825,360701,2138,2020-09-13
Abruzzo,41,3,535,579,2964,472,4015,37,3503,512,4015,113956,175854,1962,2020-09-13
PA Bolzano,8,0,288,296,2540,292,3128,40,3128,0,3128,79873,151122,1273,2020-09-13
Sardegna,80,14,1310,1404,1330,140,2874,33,1710,1164,2874,134443,158080,1252,2020-09-13
Umbria,19,4,415,438,1547,81,2066,24,1568,498,2066,107219,176517,1726,2020-09-13
Calabria,29,3,363,395,1222,98,1715,14,1159,556,1715,172919,175025,1315,2020-09-13
Valle d'Aosta,3,0,33,36,1078,146,1260,2,1129,131,1260,18539,26489,195,2020-09-13
Basilicata,5,1,150,156,429,28,613,3,414,199,613,62961,63771,360,2020-09-13
Molise,3,1,89,93,449,23,565,3,528,37,565,36107,37480,402,2020-09-13
Lombardia,251,27,8289,8567,77611,16896,103074,269,93050,10024,103074,1120531,1810149,16493,2020-09-12
Piemonte,104,9,1917,2030,27488,4153,33671,93,24034,9637,33671,388781,634323,3238,2020-09-12
Emilia-Romagna,152,17,3658,3827,25067,4469,33363,138,30044,3319,33363,592684,1019818,9911,2020-09-12
Veneto,99,12,2829,2940,19586,2141,24667,138,20273,4394,24667,668332,1703418,14390,2020-09-12
Toscana,74,18,2310,2402,9473,1148,13023,138,11095,1928,13023,419422,623464,6698,2020-09-12
Lazio,401,16,4204,4621,7475,884,12980,155,7050,5930,12980,590692,710853,10339,2020-09-12
Liguria,109,11,968,1088,9107,1579,11774,112,8984,2790,11774,142774,264753,2531,2020-09-12
Campania,254,17,3627,3898,4654,451,9003,103,7725,1278,9003,300981,494487,5427,2020-09-12
Marche,12,2,472,486,6036,989,7511,27,7511,0,7511,131401,222457,1843,2020-09-12
Puglia,189,8,1402,1599,4198,570,6367,76,2134,4233,6367,248777,346764,3764,2020-09-12
PA Trento,8,0,429,437,4650,405,5492,22,3597,1895,5492,88749,203121,1956,2020-09-12
Sicilia,116,18,1613,1747,3144,289,5180,44,3535,1645,5180,298359,397952,4002,2020-09-12
Friuli Venezia Giulia,18,2,566,586,3177,349,4112,39,3870,242,4112,163837,358563,2919,2020-09-12
Abruzzo,37,3,504,544,2962,472,3978,11,3468,510,3978,112658,173892,1584,2020-09-12
PA Bolzano,8,0,258,266,2530,292,3088,25,3088,0,3088,79095,149849,1542,2020-09-12
Sardegna,62,14,1303,1379,1322,140,2841,51,1698,1143,2841,133503,156828,1964,2020-09-12
Umbria,18,4,397,419,1542,81,2042,33,1564,478,2042,106482,174791,1410,2020-09-12
Calabria,28,3,357,388,1215,98,1701,18,1159,542,1701,171604,173710,1530,2020-09-12
Valle d'Aosta,3,0,31,34,1078,146,1258,1,1127,131,1258,18424,26294,106,2020-09-12
Basilicata,5,1,149,155,427,28,610,5,414,196,610,62601,63411,824,2020-09-12
Molise,3,0,87,90,449,23,562,3,526,36,562,35775,37078,235,2020-09-12
Lombardia,246,27,8318,8591,77318,16896,102805,257,92918,9887,102805,1110428,1793656,17986,2020-09-11
Piemonte,102,9,1849,1960,27465,4153,33578,57,24060,9518,33578,386993,631085,3268,2020-09-11
Emilia-Romagna,140,18,3572,3730,25027,4468,33225,152,29972,3253,33225,587767,1009907,10033,2020-09-11
Veneto,91,11,2862,2964,19427,2138,24529,173,20237,4292,24529,663769,1689028,15258,2020-09-11
Toscana,72,17,2223,2312,9425,1148,12885,147,11027,1858,12885,414906,616766,7575,2020-09-11
Lazio,365,14,4097,4476,7466,883,12825,148,7007,5818,12825,581864,700514,11621,2020-09-11
Liguria,96,12,886,994,9089,1579,11662,82,8914,2748,11662,141350,262222,2712,2020-09-11
Campania,239,13,3613,3865,4584,451,8900,140,7637,1263,8900,296120,489060,7293,2020-09-11
Marche,13,2,451,466,6029,989,7484,41,7484,0,7484,130636,220614,1508,2020-09-11
Puglia,188,8,1350,1546,4175,570,6291,82,2139,4152,6291,244885,343000,3554,2020-09-11
PA Trento,6,0,416,422,4643,405,5470,29,3588,1882,5470,88084,201165,1626,2020-09-11
Sicilia,112,17,1577,1706,3141,289,5136,104,3501,1635,5136,295881,393950,4212,2020-09-11
Friuli Venezia Giulia,17,3,542,562,3162,349,4073,34,3851,222,4073,162976,355644,3366,2020-09-11
Abruzzo,36,4,501,541,2954,472,3967,35,3467,500,3967,111700,172308,1685,2020-09-11
PA Bolzano,8,0,247,255,2516,292,3063,26,3063,0,3063,78315,148307,1009,2020-09-11
Sardegna,61,12,1264,1337,1314,139,2790,65,1677,1113,2790,131993,154864,2215,2020-09-11
Umbria,19,4,372,395,1533,81,2009,17,1559,450,2009,105483,173381,1318,2020-09-11
Calabria,28,3,339,370,1215,98,1683,8,1159,524,1683,170074,172180,1569,2020-09-11
Valle d'Aosta,2,0,31,33,1078,146,1257,3,1126,131,1257,18368,26188,60,2020-09-11
Basilicata,4,1,149,154,423,28,605,12,413,192,605,61777,62587,613,2020-09-11
Molise,4,0,84,88,448,23,559,4,523,36,559,35541,36843,399,2020-09-11
Lombardia,256,30,8166,8452,77204,16892,102548,245,92791,9757,102548,1098986,1775670,17391,2020-09-10
Piemonte,110,9,1799,1918,27450,4153,33521,74,24096,9425,33521,385183,627817,4532,2020-09-10
Emilia-Romagna,143,17,3451,3611,24994,4468,33073,110,29900,3173,33073,582928,999874,9161,2020-09-10
Veneto,83,12,2831,2926,19295,2135,24356,147,20166,4190,24356,658348,1673770,11419,2020-09-10
Toscana,74,13,2127,2214,9377,1147,12738,92,10971,1767,12738,409901,609191,7212,2020-09-10
Lazio,372,9,4001,4382,7413,882,12677,163,6968,5709,12677,571817,688893,10432,2020-09-10
Liguria,91,11,839,941,9060,1579,11580,114,8894,2686,11580,139851,259510,2966,2020-09-10
Campania,232,10,3500,3742,4568,450,8760,180,7540,1220,8760,289379,481767,7482,2020-09-10
Marche,11,2,426,439,6015,989,7443,40,7443,0,7443,129830,219106,1641,2020-09-10
Puglia,179,8,1283,1470,4169,570,6209,70,2126,4083,6209,242098,339446,3916,2020-09-10
PA Trento,6,0,392,398,4638,405,5441,82,3580,1861,5441,87467,199539,1894,2020-09-10
Sicilia,108,18,1477,1603,3140,289,5032,106,3457,1575,5032,293401,389738,4607,2020-09-10
Friuli Venezia Giulia,17,3,526,546,3144,349,4039,39,3827,212,4039,161912,352278,2283,2020-09-10
Abruzzo,35,3,474,512,2948,472,3932,11,3433,499,3932,110567,170623,1600,2020-09-10
PA Bolzano,8,0,231,239,2506,292,3037,20,3037,0,3037,77764,147298,1100,2020-09-10
Sardegna,57,12,1217,1286,1300,139,2725,63,1658,1067,2725,130074,152649,1971,2020-09-10
Umbria,16,3,371,390,1521,81,1992,24,1549,443,1992,104824,172063,1904,2020-09-10
Calabria,28,3,339,370,1207,98,1675,8,1159,516,1675,168505,170611,1395,2020-09-10
Valle d'Aosta,2,0,29,31,1077,146,1254,0,1123,131,1254,18332,26128,158,2020-09-10
Basilicata,4,1,138,143,422,28,593,6,413,180,593,61164,61974,664,2020-09-10
Molise,4,0,91,95,437,23,555,3,520,35,555,35157,36444,458,2020-09-10
Lombardia,252,27,8045,8324,77088,16891,102303,218,92681,9622,102303,1087646,1758279,21368,2020-09-09
Piemonte,100,9,1755,1864,27431,4152,33447,112,24122,9325,33447,383250,623285,4575,2020-09-09
Emilia-Romagna,140,16,3398,3554,24942,4467,32963,110,29855,3108,32963,578121,990713,10081,2020-09-09
Veneto,83,12,2842,2937,19137,2135,24209,91,20140,4069,24209,653982,1662351,10800,2020-09-09
Toscana,69,11,2061,2141,9358,1147,12646,88,10939,1707,12646,404903,601979,7137,2020-09-09
Lazio,358,9,3903,4270,7363,881,12514,175,6943,5571,12514,563118,678461,9171,2020-09-09
Liguria,87,11,809,907,8980,1579,11466,51,8814,2652,11466,138436,256544,2351,2020-09-09
Campania,226,10,3358,3594,4537,449,8580,203,7416,1164,8580,283355,474285,7154,2020-09-09
Marche,14,2,394,410,6005,988,7403,19,7403,0,7403,129006,217465,1503,2020-09-09
Puglia,172,6,1236,1414,4158,567,6139,97,2116,4023,6139,239744,335530,3611,2020-09-09
PA Trento,7,0,313,320,4634,405,5359,7,3543,1816,5359,86802,197645,1251,2020-09-09
Sicilia,105,15,1407,1527,3110,289,4926,77,3416,1510,4926,290674,385131,4783,2020-09-09
Friuli Venezia Giulia,17,3,491,511,3140,349,4000,54,3797,203,4000,161026,349995,3971,2020-09-09
Abruzzo,35,2,469,506,2943,472,3921,5,3427,494,3921,109697,169023,1545,2020-09-09
PA Bolzano,8,0,215,223,2502,292,3017,10,3017,0,3017,77178,146198,825,2020-09-09
Sardegna,51,12,1170,1233,1291,138,2662,47,1644,1018,2662,128433,150678,1308,2020-09-09
Umbria,17,2,354,373,1514,81,1968,33,1545,423,1968,103775,170159,1830,2020-09-09
Calabria,27,2,333,362,1207,98,1667,19,1159,508,1667,167110,169216,1478,2020-09-09
Valle d'Aosta,2,0,32,34,1074,146,1254,0,1123,131,1254,18254,25970,112,2020-09-09
Basilicata,4,1,133,138,421,28,587,14,412,175,587,60500,61310,681,2020-09-09
Molise,4,0,88,92,437,23,552,4,517,35,552,34699,35986,455,2020-09-09
Lombardia,248,27,7946,8221,76976,16888,102085,271,92597,9488,102085,1073431,1736911,20781,2020-09-08
Piemonte,104,9,1656,1769,27414,4152,33335,42,24139,9196,33335,380476,618710,3948,2020-09-08
Emilia-Romagna,130,16,3386,3532,24857,4465,32854,94,29809,3045,32854,572945,980632,12486,2020-09-08
Veneto,93,12,2809,2914,19072,2132,24118,105,20121,3997,24118,649669,1651551,9504,2020-09-08
Toscana,74,9,1996,2079,9334,1145,12558,59,10918,1640,12558,399495,594842,5824,2020-09-08
Lazio,354,9,3761,4124,7334,881,12339,129,6909,5430,12339,554654,669290,9363,2020-09-08
Liguria,85,11,764,860,8977,1578,11415,64,8812,2603,11415,137135,254193,2582,2020-09-08
Campania,220,9,3186,3415,4514,448,8377,249,7259,1118,8377,277421,467131,7991,2020-09-08
Marche,16,1,380,397,5999,988,7384,15,7384,0,7384,128178,215962,1216,2020-09-08
Puglia,163,7,1151,1321,4154,567,6042,143,2097,3945,6042,236175,331919,3590,2020-09-08
PA Trento,6,0,311,317,4630,405,5352,3,3539,1813,5352,86431,196394,593,2020-09-08
Sicilia,104,13,1337,1454,3106,289,4849,84,3389,1460,4849,287589,380348,5214,2020-09-08
Friuli Venezia Giulia,18,4,451,473,3124,349,3946,12,3760,186,3946,159635,346024,1648,2020-09-08
Abruzzo,34,2,487,523,2924,472,3919,14,3434,485,3919,108691,167478,867,2020-09-08
PA Bolzano,8,0,210,218,2497,292,3007,4,3007,0,3007,76699,145373,892,2020-09-08
Sardegna,48,10,1135,1193,1286,136,2615,51,1633,982,2615,127300,149370,1352,2020-09-08
Umbria,15,2,354,371,1483,81,1935,7,1538,397,1935,102837,168329,2336,2020-09-08
Calabria,29,1,326,356,1194,98,1648,8,1159,489,1648,165632,167738,1168,2020-09-08
Valle d'Aosta,2,0,37,39,1069,146,1254,5,1123,131,1254,18188,25858,134,2020-09-08
Basilicata,4,1,120,125,420,28,573,8,411,162,573,59819,60629,759,2020-09-08
Molise,5,0,83,88,437,23,548,3,517,31,548,34263,35531,155,2020-09-08
Lombardia,242,26,7842,8110,76818,16886,101814,109,92479,9335,101814,1059954,1716130,9088,2020-09-07
Piemonte,105,8,1639,1752,27390,4151,33293,37,24175,9118,33293,378191,614762,2550,2020-09-07
Emilia-Romagna,119,18,3356,3493,24803,4464,32760,132,29765,2995,32760,568812,968146,5403,2020-09-07
Veneto,85,13,2845,2943,18940,2130,24013,69,20109,3904,24013,645256,1642047,5089,2020-09-07
Toscana,77,9,1984,2070,9285,1144,12499,85,10896,1603,12499,395285,589018,5095,2020-09-07
Lazio,359,9,3667,4035,7294,881,12210,159,6890,5320,12210,545694,659927,9232,2020-09-07
Liguria,67,10,746,823,8951,1577,11351,59,8838,2513,11351,135646,251611,744,2020-09-07
Campania,223,7,2960,3190,4490,448,8128,218,7074,1054,8128,271727,459140,4262,2020-09-07
Marche,16,1,370,387,5994,988,7369,6,7369,0,7369,127431,214746,636,2020-09-07
Puglia,167,6,1024,1197,4137,565,5899,43,2083,3816,5899,233159,328329,1649,2020-09-07
PA Trento,5,0,310,315,4629,405,5349,17,3539,1810,5349,86198,195801,322,2020-09-07
Sicilia,101,13,1265,1379,3097,289,4765,49,3349,1416,4765,284332,375134,2333,2020-09-07
Friuli Venezia Giulia,16,4,442,462,3123,349,3934,11,3754,180,3934,159063,344376,1700,2020-09-07
Abruzzo,31,2,487,520,2914,472,3906,15,3424,482,3906,108107,166611,945,2020-09-07
PA Bolzano,8,2,205,215,2496,292,3003,0,3003,0,3003,76265,144481,800,2020-09-07
Sardegna,46,10,1086,1142,1286,136,2564,59,1628,936,2564,126031,148018,1155,2020-09-07
Umbria,15,2,349,366,1481,81,1928,13,1537,391,1928,101836,165993,535,2020-09-07
Calabria,29,1,325,355,1187,98,1640,17,1159,481,1640,164464,166570,620,2020-09-07
Valle d'Aosta,1,0,33,34,1069,146,1249,0,1119,130,1249,18111,25724,146,2020-09-07
Basilicata,4,1,114,119,418,28,565,1,411,154,565,59060,59870,72,2020-09-07
Molise,3,0,83,86,436,23,545,9,514,31,545,34109,35376,177,2020-09-07
Lombardia,248,25,7758,8031,76794,16880,101705,198,92417,9288,101705,1053199,1707042,12117,2020-09-06
Piemonte,111,8,1608,1727,27379,4150,33256,56,24235,9021,33256,376721,612212,2896,2020-09-06
Emilia-Romagna,124,14,3232,3370,24794,4464,32628,124,29703,2925,32628,563905,962743,10232,2020-09-06
Veneto,79,12,2848,2939,18875,2130,23944,179,20096,3848,23944,643251,1636958,9465,2020-09-06
Toscana,77,8,1909,1994,9277,1143,12414,122,10869,1545,12414,390411,583923,7803,2020-09-06
Lazio,355,10,3548,3913,7257,881,12051,122,6853,5198,12051,536609,650695,10786,2020-09-06
Liguria,62,9,697,768,8949,1575,11292,111,8824,2468,11292,135222,250867,1586,2020-09-06
Campania,221,7,2714,2942,4478,448,7868,100,6932,936,7868,268075,454878,5427,2020-09-06
Marche,14,1,370,385,5990,988,7363,20,7363,0,7363,127083,214110,1341,2020-09-06
Puglia,155,7,1005,1167,4126,563,5856,60,2070,3786,5856,231577,326680,3358,2020-09-06
PA Trento,5,0,293,298,4629,405,5332,33,3531,1801,5332,86002,195479,1438,2020-09-06
Sicilia,86,13,1235,1334,3093,289,4716,37,3330,1386,4716,282977,372801,2321,2020-09-06
Friuli Venezia Giulia,15,4,440,459,3115,349,3923,20,3743,180,3923,158395,342676,1283,2020-09-06
Abruzzo,32,2,475,509,2910,472,3891,26,3417,474,3891,107501,165666,1526,2020-09-06
PA Bolzano,8,2,208,218,2493,292,3003,7,3003,0,3003,75898,143681,554,2020-09-06
Sardegna,45,8,1032,1085,1284,136,2505,19,1617,888,2505,124985,146863,1175,2020-09-06
Umbria,13,2,341,356,1478,81,1915,25,1536,379,1915,101440,165458,1250,2020-09-06
Calabria,25,0,324,349,1176,98,1623,27,1159,464,1623,163844,165950,1508,2020-09-06
Valle d'Aosta,1,0,33,34,1069,146,1249,0,1119,130,1249,18011,25578,86,2020-09-06
Basilicata,4,1,118,123,413,28,564,9,411,153,564,58988,59798,444,2020-09-06
Molise,3,0,74,77,436,23,536,2,505,31,536,33934,35199,260,2020-09-06
Lombardia,245,23,7654,7922,76708,16877,101507,388,92304,9203,101507,1044945,1694925,23409,2020-09-05
Piemonte,106,7,1572,1685,27365,4150,33200,54,24260,8940,33200,374263,609316,3505,2020-09-05
Emilia-Romagna,122,12,3117,3251,24790,4464,32505,134,29640,2865,32505,556876,952511,10066,2020-09-05
Veneto,79,9,2789,2877,18758,2130,23765,188,20083,3682,23765,639941,1627493,15940,2020-09-05
Toscana,69,8,1812,1889,9260,1143,12292,113,10824,1468,12292,383856,576120,8354,2020-09-05
Lazio,344,11,3452,3807,7242,880,11929,158,6828,5101,11929,526843,639909,11740,2020-09-05
Liguria,54,7,646,707,8901,1573,11181,95,8761,2420,11181,134393,249281,2697,2020-09-05
Campania,207,6,2631,2844,4476,448,7768,119,6837,931,7768,263202,449451,6841,2020-09-05
Marche,13,1,355,369,5986,988,7343,32,7343,0,7343,126276,212769,1639,2020-09-05
Puglia,148,7,967,1122,4112,562,5796,55,2062,3734,5796,230046,323322,3163,2020-09-05
PA Trento,6,0,270,276,4618,405,5299,53,3505,1794,5299,85463,194041,1708,2020-09-05
Sicilia,88,12,1243,1343,3047,289,4679,114,3314,1365,4679,281041,370480,5273,2020-09-05
Friuli Venezia Giulia,15,3,427,445,3109,349,3903,49,3728,175,3903,157947,341393,2786,2020-09-05
Abruzzo,32,2,449,483,2910,472,3865,13,3396,469,3865,106544,164140,1657,2020-09-05
PA Bolzano,8,2,208,218,2486,292,2996,23,2996,0,2996,75681,143127,1480,2020-09-05
Sardegna,44,8,1018,1070,1280,136,2486,65,1613,873,2486,123894,145688,2395,2020-09-05
Umbria,13,2,322,337,1472,81,1890,16,1535,355,1890,100626,164208,1968,2020-09-05
Calabria,20,0,305,325,1173,98,1596,19,1159,437,1596,162336,164442,1954,2020-09-05
Valle d'Aosta,1,0,33,34,1069,146,1249,0,1119,130,1249,17954,25492,75,2020-09-05
Basilicata,3,1,111,115,412,28,555,7,410,145,555,58544,59354,664,2020-09-05
Molise,3,0,72,75,436,23,534,0,503,31,534,33674,34939,344,2020-09-05
Lombardia,244,26,7399,7669,76574,16876,101119,337,92117,9002,101119,1028404,1671516,27324,2020-09-04
Piemonte,110,7,1531,1648,27349,4149,33146,82,24291,8855,33146,372210,605811,4443,2020-09-04
Emilia-Romagna,114,13,3062,3189,24719,4463,32371,126,29578,2793,32371,551727,942445,10010,2020-09-04
Veneto,79,10,2691,2780,18671,2126,23577,273,20066,3511,23577,634616,1611553,19514,2020-09-04
Toscana,67,8,1742,1817,9219,1143,12179,99,10796,1383,12179,377468,567766,7730,2020-09-04
Lazio,363,9,3316,3688,7204,879,11771,171,6805,4966,11771,517073,628169,11744,2020-09-04
Liguria,48,6,619,673,8841,1572,11086,47,8699,2387,11086,132733,246584,2169,2020-09-04
Campania,196,5,2530,2731,4471,447,7649,171,6747,902,7649,257337,442610,6211,2020-09-04
Marche,12,1,328,341,5982,988,7311,17,7311,0,7311,125411,211130,1538,2020-09-04
Puglia,150,7,929,1086,4095,560,5741,117,2050,3691,5741,226927,320159,3319,2020-09-04
PA Trento,7,0,223,230,4611,405,5246,23,3490,1756,5246,84881,192333,1925,2020-09-04
Sicilia,87,11,1186,1284,2993,288,4565,78,3263,1302,4565,277515,365207,4241,2020-09-04
Friuli Venezia Giulia,11,4,397,412,3093,349,3854,23,3689,165,3854,156816,338607,3444,2020-09-04
Abruzzo,32,1,438,471,2910,472,3853,25,3391,462,3853,105546,162483,1503,2020-09-04
PA Bolzano,8,2,199,209,2472,292,2973,11,2973,0,2973,74949,141647,937,2020-09-04
Sardegna,41,6,963,1010,1276,135,2421,66,1601,820,2421,121848,143293,2252,2020-09-04
Umbria,11,3,313,327,1467,80,1874,35,1529,345,1874,99741,162240,2176,2020-09-04
Calabria,19,1,293,313,1167,97,1577,19,1159,418,1577,160382,162488,1684,2020-09-04
Valle d'Aosta,2,0,33,35,1068,146,1249,2,1119,130,1249,17904,25417,76,2020-09-04
Basilicata,3,1,104,108,412,28,548,7,410,138,548,57880,58690,640,2020-09-04
Molise,3,0,75,78,433,23,534,4,503,31,534,33340,34595,205,2020-09-04
Lombardia,225,27,7193,7445,76467,16870,100782,228,91957,8825,100782,1008369,1644192,14077,2020-09-03
Piemonte,92,7,1487,1586,27330,4148,33064,75,24308,8756,33064,369467,601368,4200,2020-09-03
Emilia-Romagna,108,11,3066,3185,24598,4463,32246,118,29507,2739,32246,546180,932435,10243,2020-09-03
Veneto,71,12,2531,2614,18567,2123,23304,115,20028,3276,23304,627148,1592039,13437,2020-09-03
Toscana,63,7,1661,1731,9206,1143,12080,113,10771,1309,12080,371628,560036,7960,2020-09-03
Lazio,351,9,3184,3544,7177,879,11600,154,6769,4831,11600,506670,616425,11329,2020-09-03
Liguria,39,7,581,627,8840,1572,11039,22,8666,2373,11039,131659,244415,2614,2020-09-03
Campania,185,4,2391,2580,4452,446,7478,193,6595,883,7478,252337,436399,6167,2020-09-03
Marche,13,1,321,335,5971,988,7294,21,7294,0,7294,124694,209592,1765,2020-09-03
Puglia,148,6,832,986,4078,560,5624,78,2029,3595,5624,224094,316840,3886,2020-09-03
PA Trento,3,1,206,210,4608,405,5223,91,3477,1746,5223,84365,190408,2317,2020-09-03
Sicilia,81,12,1159,1252,2947,288,4487,54,3235,1252,4487,275130,360966,3467,2020-09-03
Friuli Venezia Giulia,12,3,387,402,3080,349,3831,25,3675,156,3831,155933,335163,3048,2020-09-03
Abruzzo,33,1,420,454,2902,472,3828,24,3367,461,3828,104572,160980,1551,2020-09-03
PA Bolzano,8,2,196,206,2464,292,2962,4,2962,0,2962,74513,140710,1022,2020-09-03
Sardegna,35,6,905,946,1274,135,2355,39,1595,760,2355,120029,141041,1768,2020-09-03
Umbria,10,2,290,302,1457,80,1839,9,1526,313,1839,98418,160064,1108,2020-09-03
Calabria,20,1,273,294,1167,97,1558,13,1159,399,1558,158698,160804,1630,2020-09-03
Valle d'Aosta,3,0,33,36,1065,146,1247,4,1119,128,1247,17863,25341,132,2020-09-03
Basilicata,2,1,102,105,408,28,541,15,409,132,541,57240,58050,726,2020-09-03
Molise,3,0,72,75,432,23,530,2,502,28,530,33143,34390,343,2020-09-03
Lombardia,220,22,7036,7278,76407,16869,100554,237,91845,8709,100554,998868,1630115,17082,2020-09-02
Piemonte,90,7,1424,1521,27321,4147,32989,66,24332,8657,32989,366797,597168,5263,2020-09-02
Emilia-Romagna,104,10,2989,3103,24562,4463,32128,107,29457,2671,32128,540012,922192,11695,2020-09-02
Veneto,70,9,2477,2556,18510,2123,23189,163,20015,3174,23189,622175,1578602,17809,2020-09-02
Toscana,58,8,1570,1636,9189,1142,11967,69,10743,1224,11967,365415,552076,7629,2020-09-02
Lazio,343,9,3055,3407,7161,878,11446,130,6737,4709,11446,495791,605096,10544,2020-09-02
Liguria,38,6,563,607,8839,1571,11017,47,8682,2335,11017,130214,241801,2678,2020-09-02
Campania,163,4,2235,2402,4437,446,7285,117,6470,815,7285,247341,430232,5134,2020-09-02
Marche,14,1,305,320,5966,987,7273,17,7273,0,7273,123648,207827,1257,2020-09-02
Puglia,140,6,776,922,4067,557,5546,67,2017,3529,5546,221391,312954,4283,2020-09-02
PA Trento,4,1,118,123,4604,405,5132,33,3460,1672,5132,83762,188091,803,2020-09-02
Sicilia,76,12,1139,1227,2919,287,4433,83,3208,1225,4433,272775,357499,5627,2020-09-02
Friuli Venezia Giulia,11,3,373,387,3070,349,3806,20,3660,146,3806,154882,332115,3301,2020-09-02
Abruzzo,30,1,399,430,2902,472,3804,24,3353,451,3804,103603,159429,1548,2020-09-02
PA Bolzano,8,2,196,206,2460,292,2958,10,2958,0,2958,74019,139688,1048,2020-09-02
Sardegna,32,5,872,909,1272,135,2316,73,1588,728,2316,118433,139273,1907,2020-09-02
Umbria,8,2,288,298,1452,80,1830,27,1523,307,1830,97623,158956,2534,2020-09-02
Calabria,21,0,269,290,1158,97,1545,32,1159,386,1545,157068,159174,1772,2020-09-02
Valle d'Aosta,3,0,29,32,1065,146,1243,2,1117,126,1243,17785,25209,152,2020-09-02
Molise,3,0,70,73,432,23,528,0,502,26,528,32812,34047,308,2020-09-02
Basilicata,1,1,88,90,408,28,526,2,405,121,526,56534,57324,585,2020-09-02
Lombardia,212,21,6849,7082,76368,16867,100317,242,91748,8569,100317,986403,1613033,16200,2020-09-01
Piemonte,92,7,1365,1464,27313,4146,32923,42,24382,8541,32923,363196,591905,3997,2020-09-01
Emilia-Romagna,106,9,2946,3061,24497,4463,32021,99,29408,2613,32021,533273,910497,10764,2020-09-01
Veneto,69,9,2382,2460,18444,2122,23026,97,19989,3037,23026,614376,1560793,6598,2020-09-01
Toscana,53,9,1519,1581,9175,1142,11898,40,10726,1172,11898,360022,544447,4929,2020-09-01
Lazio,336,8,2941,3285,7153,878,11316,125,6711,4605,11316,486744,594552,10070,2020-09-01
Liguria,39,5,516,560,8839,1571,10970,19,8644,2326,10970,128951,239123,1721,2020-09-01
Marche,14,1,294,309,5960,987,7256,16,7256,0,7256,122724,206570,1762,2020-09-01
Campania,143,6,2143,2292,4430,446,7168,102,6392,776,7168,242683,425098,5837,2020-09-01
Puglia,123,7,730,860,4062,557,5479,39,2015,3464,5479,218643,308671,3651,2020-09-01
PA Trento,4,1,87,92,4602,405,5099,3,3450,1649,5099,83419,187288,695,2020-09-01
Sicilia,71,10,1071,1152,2911,287,4350,33,3176,1174,4350,269806,351872,4210,2020-09-01
Friuli Venezia Giulia,12,2,363,377,3061,348,3786,17,3647,139,3786,153624,328814,2822,2020-09-01
Abruzzo,29,1,376,406,2902,472,3780,5,3331,449,3780,102588,157881,846,2020-09-01
PA Bolzano,8,2,191,201,2455,292,2948,13,2948,0,2948,73432,138640,619,2020-09-01
Sardegna,31,6,800,837,1272,134,2243,50,1580,663,2243,116718,137366,1749,2020-09-01
Umbria,9,2,267,278,1445,80,1803,10,1518,285,1803,96713,156422,2251,2020-09-01
Calabria,22,0,244,266,1150,97,1513,22,1159,354,1513,155296,157402,1557,2020-09-01
Valle d'Aosta,3,0,27,30,1065,146,1241,0,1115,126,1241,17699,25057,164,2020-09-01
Molise,3,0,70,73,432,23,528,3,502,26,528,32507,33739,146,2020-09-01
Basilicata,1,1,86,88,408,28,524,1,405,119,524,55949,56739,462,2020-09-01
Lombardia,195,22,6735,6952,76258,16865,100075,135,91637,8438,100075,974484,1596833,9866,2020-08-31
Piemonte,98,7,1327,1432,27303,4146,32881,37,24398,8483,32881,360988,587908,2077,2020-08-31
Emilia-Romagna,106,9,2862,2977,24482,4463,31922,117,29354,2568,31922,528294,899733,6132,2020-08-31
Veneto,51,8,2328,2387,18422,2120,22929,65,19971,2958,22929,611002,1554195,6657,2020-08-31
Toscana,52,8,1514,1574,9143,1141,11858,73,10715,1143,11858,356542,539518,4438,2020-08-31
Lazio,328,7,2839,3174,7139,878,11191,148,6686,4505,11191,477920,584482,13093,2020-08-31
Liguria,38,1,502,541,8839,1571,10951,44,8693,2258,10951,128050,237402,1360,2020-08-31
Marche,13,1,284,298,5955,987,7240,2,7240,0,7240,121684,204808,719,2020-08-31
Campania,95,1,2114,2210,4411,445,7066,184,6341,725,7066,237519,419261,5783,2020-08-31
Puglia,116,7,721,844,4040,556,5440,38,2008,3432,5440,216105,305020,1974,2020-08-31
PA Trento,5,1,85,91,4600,405,5096,4,3448,1648,5096,83022,186593,112,2020-08-31
Sicilia,70,10,1045,1125,2906,286,4317,26,3162,1155,4317,267086,347662,1315,2020-08-31
Abruzzo,35,1,391,427,2878,472,3777,4,3331,446,3777,101993,157035,261,2020-08-31
Friuli Venezia Giulia,13,2,350,365,3056,348,3769,5,3640,129,3769,152510,325992,717,2020-08-31
PA Bolzano,8,2,180,190,2453,292,2935,3,2935,0,2935,73091,138021,904,2020-08-31
Sardegna,28,4,757,789,1270,134,2193,79,1574,619,2193,115112,135617,1083,2020-08-31
Umbria,10,2,256,268,1445,80,1793,9,1518,275,1793,95705,154171,505,2020-08-31
Calabria,21,0,224,245,1149,97,1491,14,1159,332,1491,153811,155845,926,2020-08-31
Valle d'Aosta,2,0,29,31,1064,146,1241,9,1115,126,1241,17602,24893,110,2020-08-31
Molise,3,0,67,70,432,23,525,0,502,23,525,32364,33593,210,2020-08-31
Basilicata,1,1,86,88,408,28,524,0,405,119,524,55487,56277,276,2020-08-31
Lombardia,194,20,6615,6829,76248,16863,99940,235,91582,8358,99940,966973,1586967,12863,2020-08-30
Piemonte,85,5,1315,1405,27293,4146,32844,60,24400,8444,32844,359814,585831,3045,2020-08-30
Emilia-Romagna,99,11,2758,2868,24478,4459,31805,109,29294,2511,31805,524656,893601,9202,2020-08-30
Veneto,52,7,2286,2345,18399,2120,22864,109,19964,2900,22864,607977,1547538,7185,2020-08-30
Toscana,48,5,1450,1503,9141,1141,11785,98,10695,1090,11785,353231,535080,6433,2020-08-30
Lazio,310,7,2718,3035,7130,878,11043,156,6686,4357,11043,466475,571389,12784,2020-08-30
Liguria,32,1,476,509,8827,1571,10907,53,8670,2237,10907,127057,236042,1756,2020-08-30
Marche,12,1,289,302,5949,987,7238,15,7238,0,7238,121344,204089,1421,2020-08-30
Campania,110,4,1911,2025,4412,445,6882,270,6243,639,6882,233301,413478,6729,2020-08-30
Puglia,117,5,695,817,4029,556,5402,69,2004,3398,5402,213959,303046,2708,2020-08-30
PA Trento,3,1,83,87,4600,405,5092,8,3445,1647,5092,82952,186481,1053,2020-08-30
Sicilia,68,10,1036,1114,2891,286,4291,34,3152,1139,4291,266061,346347,2365,2020-08-30
Abruzzo,37,1,391,429,2872,472,3773,34,3331,442,3773,101829,156774,2184,2020-08-30
Friuli Venezia Giulia,15,1,344,360,3056,348,3764,16,3636,128,3764,152158,325275,1435,2020-08-30
PA Bolzano,8,2,180,190,2450,292,2932,8,2932,0,2932,72684,137117,973,2020-08-30
Sardegna,28,3,681,712,1268,134,2114,22,1563,551,2114,114114,134534,1134,2020-08-30
Umbria,10,1,251,262,1442,80,1784,31,1518,266,1784,95419,153666,1662,2020-08-30
Calabria,17,0,215,232,1148,97,1477,34,1159,318,1477,152885,154919,1379,2020-08-30
Valle d'Aosta,2,0,21,23,1063,146,1232,2,1108,124,1232,17533,24783,105,2020-08-30
Molise,3,0,67,70,432,23,525,1,502,23,525,32155,33383,306,2020-08-30
Basilicata,1,1,86,88,408,28,524,1,405,119,524,55211,56001,1,2020-08-30
Lombardia,185,18,6442,6645,76200,16860,99705,289,91476,8229,99705,957455,1574104,18701,2020-08-29
Piemonte,81,5,1297,1383,27256,4145,32784,90,24402,8382,32784,357323,582786,3752,2020-08-29
Emilia-Romagna,98,10,2661,2769,24468,4459,31696,149,29241,2455,31696,519748,884399,10087,2020-08-29
Veneto,54,6,2285,2345,18290,2120,22755,151,19956,2799,22755,604918,1540353,17451,2020-08-29
Toscana,44,5,1372,1421,9125,1141,11687,92,10650,1037,11687,348617,528647,6701,2020-08-29
Lazio,293,8,2581,2882,7127,878,10887,171,6643,4244,10887,455146,558605,13010,2020-08-29
Liguria,29,1,463,493,8790,1571,10854,47,8644,2210,10854,126071,234286,1936,2020-08-29
Marche,10,1,285,296,5940,987,7223,12,7223,0,7223,120551,202668,1791,2020-08-29
Campania,72,2,1697,1771,4396,445,6612,188,6098,514,6612,227878,406749,4359,2020-08-29
Puglia,112,5,631,748,4029,556,5333,65,1981,3352,5333,212037,300338,2753,2020-08-29
PA Trento,3,1,80,84,4595,405,5084,14,3441,1643,5084,82538,185428,1365,2020-08-29
Sicilia,70,10,1004,1084,2887,286,4257,29,3137,1120,4257,264227,343982,2872,2020-08-29
Friuli Venezia Giulia,15,0,333,348,3052,348,3748,20,3627,121,3748,151497,323840,5132,2020-08-29
Abruzzo,37,1,357,395,2872,472,3739,14,3309,430,3739,100339,154590,1457,2020-08-29
PA Bolzano,8,2,180,190,2442,292,2924,9,2924,0,2924,72200,136144,1427,2020-08-29
Sardegna,24,2,665,691,1267,134,2092,70,1560,532,2092,113122,133400,1796,2020-08-29
Umbria,11,1,226,238,1435,80,1753,12,1516,237,1753,94548,152004,2088,2020-08-29
Calabria,17,0,181,198,1148,97,1443,11,1159,284,1443,151506,153540,1530,2020-08-29
Valle d'Aosta,1,0,18,19,1065,146,1230,4,1108,122,1230,17463,24678,50,2020-08-29
Molise,3,0,66,69,432,23,524,2,502,22,524,31853,33077,158,2020-08-29
Basilicata,1,1,85,87,408,28,523,5,405,118,523,55210,56000,692,2020-08-29
Lombardia,172,17,6265,6454,76102,16860,99416,316,91355,8061,99416,943463,1555403,19721,2020-08-28
Piemonte,82,6,1258,1346,27203,4145,32694,91,24420,8274,32694,354777,579034,4219,2020-08-28
Emilia-Romagna,94,9,2518,2621,24467,4459,31547,164,29170,2377,31547,513131,874312,10080,2020-08-28
Veneto,50,6,2197,2253,18232,2119,22604,135,19941,2663,22604,598349,1522902,14915,2020-08-28
Toscana,47,4,1298,1349,9105,1141,11595,82,10625,970,11595,343913,521946,6067,2020-08-28
Liguria,28,0,441,469,8767,1571,10807,46,8644,2163,10807,125061,232350,2038,2020-08-28
Lazio,283,6,2427,2716,7122,878,10716,166,6611,4105,10716,444539,545595,14013,2020-08-28
Marche,8,1,282,291,5933,987,7211,17,7211,0,7211,119608,200877,1529,2020-08-28
Campania,121,5,1470,1596,4383,445,6424,183,5990,434,6424,224127,402390,5494,2020-08-28
Puglia,104,5,575,684,4028,556,5268,51,1964,3304,5268,209467,297585,3159,2020-08-28
PA Trento,6,1,67,74,4591,405,5070,16,3433,1637,5070,82117,184063,1390,2020-08-28
Sicilia,69,9,980,1058,2884,286,4228,54,3125,1103,4228,261940,341110,3236,2020-08-28
Friuli Venezia Giulia,13,0,334,347,3033,348,3728,19,3607,121,3728,149961,318708,2230,2020-08-28
Abruzzo,39,1,343,383,2870,472,3725,20,3300,425,3725,99372,153133,1410,2020-08-28
PA Bolzano,8,1,180,189,2434,292,2915,8,2915,0,2915,71480,134717,1281,2020-08-28
Sardegna,23,2,597,622,1266,134,2022,55,1555,467,2022,111549,131604,1552,2020-08-28
Umbria,12,0,217,229,1432,80,1741,22,1515,226,1741,93480,149916,2021,2020-08-28
Calabria,14,0,175,189,1146,97,1432,10,1159,273,1432,149976,152010,1538,2020-08-28
Valle d'Aosta,1,0,14,15,1065,146,1226,2,1106,120,1226,17429,24628,90,2020-08-28
Molise,3,0,64,67,432,23,522,1,502,20,522,31696,32919,469,2020-08-28
Basilicata,1,1,81,83,407,28,518,4,405,113,518,54518,55308,613,2020-08-28
Lombardia,173,14,6038,6225,76018,16857,99100,286,91221,7879,99100,929040,1535682,17964,2020-08-27
Piemonte,78,6,1197,1281,27178,4144,32603,88,24453,8150,32603,351842,574815,4902,2020-08-27
Emilia-Romagna,93,8,2366,2467,24460,4458,31385,171,29098,2287,31385,506243,864232,10322,2020-08-27
Veneto,58,5,2158,2221,18131,2117,22469,132,19921,2548,22469,593488,1507987,15577,2020-08-27
Toscana,43,5,1225,1273,9100,1140,11513,99,10608,905,11513,339644,515879,6154,2020-08-27
Liguria,26,0,432,458,8732,1571,10761,37,8664,2097,10761,123950,230312,2213,2020-08-27
Lazio,268,6,2281,2555,7118,877,10550,152,6576,3974,10550,431825,531582,10590,2020-08-27
Marche,8,0,275,283,5924,987,7194,61,7194,0,7194,118825,199348,2169,2020-08-27
Campania,108,4,1311,1423,4373,445,6241,130,5888,353,6241,219960,396896,3631,2020-08-27
Puglia,97,3,537,637,4024,556,5217,47,1957,3260,5217,207094,294426,3161,2020-08-27
PA Trento,4,1,56,61,4588,405,5054,15,3421,1633,5054,81734,182673,1351,2020-08-27
Sicilia,62,10,947,1019,2869,286,4174,50,3102,1072,4174,259530,337874,4072,2020-08-27
Friuli Venezia Giulia,13,0,322,335,3026,348,3709,25,3599,110,3709,149088,316478,3503,2020-08-27
Abruzzo,37,1,343,381,2852,472,3705,18,3283,422,3705,98466,151723,1574,2020-08-27
PA Bolzano,8,1,176,185,2430,292,2907,9,2907,0,2907,70742,133436,898,2020-08-27
Sardegna,24,2,542,568,1265,134,1967,57,1548,419,1967,110167,130052,1629,2020-08-27
Umbria,12,1,209,222,1417,80,1719,20,1514,205,1719,92218,147895,1466,2020-08-27
Calabria,14,0,165,179,1146,97,1422,6,1159,263,1422,148438,150472,1604,2020-08-27
Valle d'Aosta,0,0,13,13,1065,146,1224,1,1105,119,1224,17385,24538,100,2020-08-27
Molise,3,0,63,66,432,23,521,1,502,19,521,31234,32450,590,2020-08-27
Basilicata,2,0,78,80,406,28,514,6,403,111,514,53905,54695,554,2020-08-27
Lombardia,158,17,5794,5969,75988,16857,98814,269,91103,7711,98814,915651,1517718,16561,2020-08-26
Piemonte,83,6,1119,1208,27163,4144,32515,75,24518,7997,32515,348648,569913,5545,2020-08-26
Emilia-Romagna,92,6,2203,2301,24455,4458,31214,120,29022,2192,31214,501373,853910,10757,2020-08-26
Veneto,46,6,2106,2158,18063,2116,22337,147,19902,2435,22337,588214,1492410,16102,2020-08-26
Toscana,43,6,1142,1191,9083,1140,11414,161,10595,819,11414,335476,509725,6084,2020-08-26
Liguria,23,0,417,440,8713,1571,10724,41,8683,2041,10724,122720,228099,2343,2020-08-26
Lazio,263,6,2143,2412,7110,876,10398,162,6554,3844,10398,424488,520992,9008,2020-08-26
Marche,9,0,232,241,5905,987,7133,9,7133,0,7133,117791,197179,1385,2020-08-26
Campania,75,3,1217,1295,4373,443,6111,135,5812,299,6111,216836,393265,3026,2020-08-26
Puglia,94,4,499,597,4018,555,5170,51,1940,3230,5170,204620,291265,3510,2020-08-26
PA Trento,4,1,42,47,4587,405,5039,7,3414,1625,5039,81224,181322,1898,2020-08-26
Sicilia,59,10,911,980,2858,286,4124,33,3077,1047,4124,256456,333802,3353,2020-08-26
Abruzzo,34,1,331,366,2849,472,3687,26,3273,414,3687,97421,150149,1248,2020-08-26
Friuli Venezia Giulia,14,0,307,321,3015,348,3684,33,3583,101,3684,147690,312975,5509,2020-08-26
PA Bolzano,8,1,169,178,2428,292,2898,5,2898,0,2898,70275,132538,1431,2020-08-26
Sardegna,20,1,492,513,1265,134,1912,53,1537,375,1912,108703,128423,1608,2020-08-26
Umbria,11,1,200,212,1407,80,1699,20,1512,187,1699,91421,146429,1840,2020-08-26
Calabria,14,0,159,173,1146,97,1416,8,1159,257,1416,146834,148868,1224,2020-08-26
Valle d'Aosta,0,0,12,12,1065,146,1223,0,1104,119,1223,17328,24438,208,2020-08-26
Molise,3,0,62,65,432,23,520,9,501,19,520,30659,31860,350,2020-08-26
Basilicata,2,0,72,74,406,28,508,3,403,105,508,53350,54141,539,2020-08-26
Lombardia,158,15,5614,5787,75901,16857,98545,119,90963,7582,98545,903586,1501157,9879,2020-08-25
Piemonte,79,6,1057,1142,27155,4143,32440,57,24548,7892,32440,344929,564368,3545,2020-08-25
Emilia-Romagna,90,5,2094,2189,24447,4458,31094,65,28969,2125,31094,496062,843153,11052,2020-08-25
Veneto,46,5,2068,2119,17964,2107,22190,119,19873,2317,22190,581727,1476308,13156,2020-08-25
Toscana,41,5,993,1039,9075,1139,11253,34,10574,679,11253,331202,503641,3874,2020-08-25
Liguria,24,0,389,413,8699,1571,10683,12,8662,2021,10683,121487,225756,1562,2020-08-25
Lazio,281,6,1997,2284,7077,875,10236,143,6530,3706,10236,417490,511984,9336,2020-08-25
Marche,14,0,234,248,5889,987,7124,11,7124,0,7124,117078,195794,1364,2020-08-25
Campania,76,3,1085,1164,4370,442,5976,138,5733,243,5976,214193,390239,3620,2020-08-25
Puglia,88,4,456,548,4016,555,5119,49,1921,3198,5119,202052,287755,3272,2020-08-25
PA Trento,4,1,42,47,4580,405,5032,3,3411,1621,5032,80672,179424,530,2020-08-25
Sicilia,53,10,884,947,2858,286,4091,24,3070,1021,4091,253585,330449,2634,2020-08-25
Abruzzo,33,1,308,342,2848,472,3662,10,3256,406,3662,96605,148901,752,2020-08-25
Friuli Venezia Giulia,13,2,283,298,3005,348,3651,9,3561,90,3651,145371,307466,1408,2020-08-25
PA Bolzano,8,1,168,177,2424,292,2893,9,2893,0,2893,69465,131107,590,2020-08-25
Sardegna,19,0,444,463,1262,134,1859,34,1533,326,1859,107288,126815,1584,2020-08-25
Umbria,12,1,182,195,1404,80,1679,29,1505,174,1679,90382,144589,2010,2020-08-25
Calabria,14,1,155,170,1141,97,1408,8,1159,249,1408,145610,147644,1458,2020-08-25
Valle d'Aosta,1,0,12,13,1064,146,1223,2,1104,119,1223,17211,24230,107,2020-08-25
Molise,2,0,54,56,432,23,511,0,500,11,511,30317,31510,106,2020-08-25
Basilicata,2,0,71,73,404,28,505,3,403,102,505,52812,53602,502,2020-08-25
Lombardia,153,15,5696,5864,75705,16857,98426,110,91020,7406,98426,896473,1491278,7722,2020-08-24
Piemonte,83,5,1007,1095,27145,4143,32383,40,24557,7826,32383,342897,560823,1904,2020-08-24
Emilia-Romagna,82,8,2049,2139,24434,4458,31031,116,28939,2092,31031,491660,832101,5019,2020-08-24
Veneto,43,4,2001,2048,17919,2104,22071,116,19852,2219,22071,575140,1463152,9468,2020-08-24
Toscana,39,5,971,1015,9065,1139,11219,44,10560,659,11219,328743,499767,3059,2020-08-24
Liguria,22,0,379,401,8699,1571,10671,26,8670,2001,10671,120593,224194,1039,2020-08-24
Lazio,299,6,1846,2151,7067,875,10093,146,6509,3584,10093,409290,502648,6000,2020-08-24
Marche,13,0,230,243,5883,987,7113,3,7113,0,7113,116228,194430,714,2020-08-24
Campania,72,2,967,1041,4356,441,5838,116,5636,202,5838,211095,386619,3132,2020-08-24
Puglia,81,4,420,505,4010,555,5070,45,1913,3157,5070,199575,284483,1068,2020-08-24
PA Trento,3,1,40,44,4580,405,5029,1,3409,1620,5029,80388,178894,147,2020-08-24
Sicilia,54,9,884,947,2834,286,4067,65,3063,1004,4067,251757,327815,1468,2020-08-24
Abruzzo,34,1,301,336,2844,472,3652,4,3251,401,3652,96085,148149,186,2020-08-24
Friuli Venezia Giulia,11,2,278,291,3003,348,3642,2,3554,88,3642,145196,306058,901,2020-08-24
PA Bolzano,8,1,163,172,2420,292,2884,15,2884,0,2884,69119,130517,609,2020-08-24
Sardegna,18,0,411,429,1262,134,1825,91,1531,294,1825,105849,125231,1094,2020-08-24
Umbria,12,1,157,170,1400,80,1650,11,1503,147,1650,89426,142579,632,2020-08-24
Calabria,13,1,153,167,1136,97,1400,2,1159,241,1400,144148,146186,1274,2020-08-24
Valle d'Aosta,1,0,10,11,1064,146,1221,0,1103,118,1221,17141,24123,41,2020-08-24
Molise,2,0,54,56,432,23,511,0,500,11,511,30213,31404,159,2020-08-24
Basilicata,2,0,68,70,404,28,502,0,402,100,502,52310,53100,278,2020-08-24
Lombardia,148,14,5620,5782,75678,16856,98316,239,90944,7372,98316,890586,1483556,13663,2020-08-23
Piemonte,78,5,978,1061,27139,4143,32343,42,24571,7772,32343,341447,558919,3325,2020-08-23
Emilia-Romagna,77,8,1949,2034,24425,4456,30915,127,28880,2035,30915,488330,827082,6430,2020-08-23
Veneto,43,4,1942,1989,17862,2104,21955,145,19837,2118,21955,569875,1453684,10592,2020-08-23
Toscana,35,7,938,980,9056,1139,11175,59,10537,638,11175,326623,496708,4129,2020-08-23
Liguria,18,1,379,398,8676,1571,10645,28,8670,1975,10645,119961,223155,1537,2020-08-23
Lazio,286,6,1735,2027,7046,874,9947,184,6468,3479,9947,404727,496648,8374,2020-08-23
Marche,12,1,232,245,5878,987,7110,5,7110,0,7110,115806,193716,1617,2020-08-23
Campania,61,2,862,925,4356,441,5722,138,5574,148,5722,208401,383487,4135,2020-08-23
PA Trento,3,1,39,43,4580,405,5028,3,3408,1620,5028,80296,178747,1062,2020-08-23
Puglia,68,4,395,467,4003,555,5025,33,1902,3123,5025,198019,283415,1591,2020-08-23
Sicilia,50,10,843,903,2813,286,4002,35,3060,942,4002,250646,326347,2146,2020-08-23
Abruzzo,31,1,300,332,2844,472,3648,21,3250,398,3648,95928,147963,1384,2020-08-23
Friuli Venezia Giulia,10,2,279,291,3001,348,3640,24,3552,88,3640,144651,305157,2565,2020-08-23
PA Bolzano,8,1,148,157,2420,292,2869,13,2869,0,2869,68769,129908,1055,2020-08-23
Sardegna,18,0,320,338,1262,134,1734,81,1515,219,1734,104930,124137,1081,2020-08-23
Umbria,11,1,148,160,1399,80,1639,19,1499,140,1639,88882,141947,1162,2020-08-23
Calabria,11,1,154,166,1135,97,1398,8,1159,239,1398,142878,144912,1184,2020-08-23
Valle d'Aosta,1,0,10,11,1064,146,1221,0,1103,118,1221,17117,24082,175,2020-08-23
Molise,1,0,57,58,430,23,511,1,500,11,511,30064,31245,159,2020-08-23
Basilicata,1,0,70,71,403,28,502,5,402,100,502,52032,52822,5,2020-08-23
Lombardia,148,14,5414,5576,75649,16852,98077,185,90802,7275,98077,880198,1469893,12957,2020-08-22
Piemonte,80,4,947,1031,27127,4143,32301,41,24599,7702,32301,338684,555594,3261,2020-08-22
Emilia-Romagna,75,8,1842,1925,24408,4455,30788,80,28821,1967,30788,483710,820652,9423,2020-08-22
Veneto,44,4,1944,1992,17714,2104,21810,160,19821,1989,21810,565251,1443092,13886,2020-08-22
Toscana,30,6,892,928,9049,1139,11116,53,10520,596,11116,323792,492579,4699,2020-08-22
Liguria,18,1,356,375,8671,1571,10617,34,8668,1949,10617,119030,221618,1848,2020-08-22
Lazio,265,6,1599,1870,7020,873,9763,215,6435,3328,9763,397550,488274,7792,2020-08-22
Marche,11,1,230,242,5876,987,7105,10,7105,0,7105,114764,192099,1658,2020-08-22
Campania,55,1,736,792,4352,440,5584,61,5455,129,5584,204634,379352,4269,2020-08-22
PA Trento,3,1,36,40,4580,405,5025,9,3406,1619,5025,79771,177685,2516,2020-08-22
Puglia,62,4,370,436,4001,555,4992,22,1887,3105,4992,196707,281824,2579,2020-08-22
Sicilia,45,8,821,874,2807,286,3967,48,3049,918,3967,249033,324201,2220,2020-08-22
Abruzzo,32,1,280,313,2843,472,3628,24,3237,391,3628,95034,146579,1210,2020-08-22
Friuli Venezia Giulia,9,2,261,272,2996,348,3616,33,3530,86,3616,143300,302592,3362,2020-08-22
PA Bolzano,8,1,137,146,2418,292,2856,19,2856,0,2856,68151,128853,1840,2020-08-22
Sardegna,14,0,243,257,1262,134,1653,44,1472,181,1653,104014,123056,760,2020-08-22
Umbria,12,1,129,142,1398,80,1620,18,1494,126,1620,88187,140785,1378,2020-08-22
Calabria,11,1,146,158,1135,97,1390,11,1159,231,1390,141694,143728,1342,2020-08-22
Valle d'Aosta,1,0,10,11,1064,146,1221,0,1103,118,1221,16988,23907,75,2020-08-22
Molise,1,0,56,57,430,23,510,1,499,11,510,29986,31086,200,2020-08-22
Basilicata,0,0,66,66,403,28,497,3,402,95,497,52027,52817,399,2020-08-22
Lombardia,149,17,5328,5494,75546,16852,97892,174,90669,7223,97892,871210,1456936,10703,2020-08-21
Piemonte,85,4,912,1001,27117,4142,32260,39,24617,7643,32260,336656,552333,3765,2020-08-21
Emilia-Romagna,77,8,1776,1861,24392,4455,30708,82,28787,1921,30708,478418,811229,10062,2020-08-21
Veneto,42,6,1817,1865,17683,2102,21650,116,19793,1857,21650,559317,1429206,12522,2020-08-21
Toscana,28,5,845,878,9046,1139,11063,79,10501,562,11063,320543,487880,4154,2020-08-21
Liguria,19,1,345,365,8647,1571,10583,21,8650,1933,10583,118087,219770,1794,2020-08-21
Lazio,248,6,1412,1666,7009,873,9548,137,6407,3141,9548,392577,480482,6584,2020-08-21
Marche,13,1,218,232,5876,987,7095,17,7095,0,7095,113688,190441,2086,2020-08-21
Campania,66,2,667,735,4348,440,5523,67,5394,129,5523,201641,375083,3475,2020-08-21
PA Trento,3,1,37,41,4570,405,5016,4,3405,1611,5016,79214,175169,745,2020-08-21
Puglia,61,4,354,419,3996,555,4970,35,1884,3086,4970,194436,279245,2931,2020-08-21
Sicilia,45,8,775,828,2805,286,3919,44,3034,885,3919,247547,321981,3129,2020-08-21
Abruzzo,30,1,258,289,2843,472,3604,23,3215,389,3604,94284,145369,1210,2020-08-21
Friuli Venezia Giulia,9,2,232,243,2992,348,3583,36,3503,80,3583,141840,299230,3158,2020-08-21
PA Bolzano,8,1,132,141,2404,292,2837,5,2837,0,2837,66986,127013,1290,2020-08-21
Sardegna,13,0,200,213,1262,134,1609,42,1436,173,1609,103362,122296,944,2020-08-21
Umbria,10,1,113,124,1398,80,1602,22,1491,111,1602,87468,139407,1356,2020-08-21
Calabria,11,1,141,153,1129,97,1379,2,1159,220,1379,140352,142386,1340,2020-08-21
Valle d'Aosta,1,0,10,11,1064,146,1221,0,1103,118,1221,16942,23832,79,2020-08-21
Molise,1,0,55,56,430,23,509,2,498,11,509,29696,30886,209,2020-08-21
Basilicata,0,0,63,63,403,28,494,0,402,92,494,51628,52418,460,2020-08-21
Lombardia,155,16,5252,5423,75449,16846,97718,154,90583,7135,97718,864187,1446233,13757,2020-08-20
Piemonte,83,3,891,977,27102,4142,32221,52,24645,7576,32221,334082,548568,4824,2020-08-20
Emilia-Romagna,77,8,1731,1816,24355,4455,30626,52,28749,1877,30626,473891,801167,11184,2020-08-20
Veneto,35,7,1747,1789,17645,2100,21534,159,19765,1769,21534,553065,1416684,13294,2020-08-20
Toscana,24,5,772,801,9044,1139,10984,59,10476,508,10984,317235,483726,4623,2020-08-20
Liguria,21,1,333,355,8636,1571,10562,31,8629,1933,10562,117149,217976,2361,2020-08-20
Lazio,238,6,1296,1540,6999,872,9411,115,6379,3032,9411,387285,473898,5579,2020-08-20
Marche,14,1,202,217,5874,987,7078,13,7078,0,7078,112396,188355,1579,2020-08-20
Campania,56,2,613,671,4345,440,5456,53,5327,129,5456,198778,371608,2381,2020-08-20
PA Trento,2,1,41,44,4563,405,5012,4,3404,1608,5012,78859,174424,1721,2020-08-20
Puglia,58,3,328,389,3991,555,4935,20,1876,3059,4935,192370,276314,2682,2020-08-20
Sicilia,41,8,741,790,2799,286,3875,37,3024,851,3875,245539,318852,2982,2020-08-20
Abruzzo,27,1,240,268,2841,472,3581,4,3206,375,3581,93423,144159,1118,2020-08-20
Friuli Venezia Giulia,9,3,210,222,2977,348,3547,14,3485,62,3547,140671,296072,3440,2020-08-20
PA Bolzano,8,1,130,139,2401,292,2832,21,2832,0,2832,66156,125723,1137,2020-08-20
Umbria,10,1,101,112,1388,80,1580,17,1488,92,1580,86741,138051,1527,2020-08-20
Sardegna,12,0,159,171,1262,134,1567,23,1409,158,1567,102561,121352,1134,2020-08-20
Calabria,11,1,139,151,1129,97,1377,10,1159,218,1377,139012,141046,1452,2020-08-20
Valle d'Aosta,1,0,10,11,1064,146,1221,1,1103,118,1221,16893,23753,119,2020-08-20
Molise,1,0,54,55,429,23,507,4,497,10,507,29488,30677,218,2020-08-20
Basilicata,0,0,73,73,393,28,494,2,402,92,494,51168,51958,330,2020-08-20
Lombardia,1685,156,31677,33518,88059,17152,138729,4125,116243,22486,138729,1633109,2610718,35715,2020-10-22
Piemonte,1226,79,13475,14780,30661,4227,49668,1550,26564,23104,49668,537462,906964,11565,2020-10-22
Emilia-Romagna,636,86,10941,11663,27277,4537,43477,889,35402,8075,43477,783681,1433217,16179,2020-10-22
Veneto,500,59,12049,12608,24681,2301,39590,1325,23515,16075,39590,854703,2192554,14440,2020-10-22
Campania,1037,94,21430,22561,8913,551,32025,1541,29781,2244,32025,558506,814966,12001,2020-10-22
Lazio,1293,131,17107,18531,10020,1070,29621,1251,11986,17635,29621,1002866,1227104,21575,2020-10-22
Toscana,524,82,12655,13261,12121,1229,26611,1145,20938,5673,26611,646277,962277,11495,2020-10-22
Liguria,540,34,4492,5066,13842,1673,20581,690,14535,6046,20581,207034,394365,5039,2020-10-22
Sicilia,588,89,7863,8540,5649,397,14586,796,9374,5212,14586,442472,621996,7732,2020-10-22
Puglia,448,50,5781,6279,5886,645,12810,485,3442,9368,12810,359262,507982,5651,2020-10-22
Marche,133,19,2472,2624,6570,998,10192,321,10192,0,10192,171050,292862,3776,2020-10-22
PA Trento,57,1,911,969,5927,423,7319,153,4165,3154,7319,109669,267600,1234,2020-10-22
Abruzzo,208,16,3152,3376,3214,501,7091,306,5616,1475,7091,160689,256324,3149,2020-10-22
Friuli Venezia Giulia,83,14,2128,2225,4482,368,7075,220,6490,585,7075,214444,492435,5510,2020-10-22
Sardegna,264,36,3693,3993,2712,181,6886,243,2794,4092,6886,202306,238628,3378,2020-10-22
Umbria,171,22,3077,3270,2493,97,5860,407,2240,3620,5860,156285,266398,4006,2020-10-22
PA Bolzano,106,8,2204,2318,2935,296,5549,247,5549,0,5549,109343,211011,2294,2020-10-22
Calabria,86,8,1443,1537,1644,105,3286,187,1159,2127,3286,246034,248178,3020,2020-10-22
Valle d'Aosta,48,3,854,905,1165,149,2219,87,1988,231,2219,23688,36671,681,2020-10-22
Basilicata,48,4,776,828,611,42,1481,83,453,1028,1481,91753,92593,1256,2020-10-22
Molise,13,1,436,450,594,26,1070,28,1024,46,1070,53975,57578,696,2020-10-22
Lombardia,151,14,5157,5322,75398,16844,97564,91,90487,7077,97564,855372,1432476,9000,2020-08-19
Valle d'Aosta,1,0,9,10,1064,146,1220,2,1102,118,1220,16823,23634,183,2020-08-19
Calabria,10,1,139,150,1120,97,1367,10,1159,208,1367,137560,139594,1516,2020-08-19
Sardegna,11,0,143,154,1261,134,1549,37,1398,151,1549,101544,120218,1125,2020-08-19
Umbria,9,2,84,95,1388,80,1563,4,1481,82,1563,85986,136524,1394,2020-08-19
PA Bolzano,8,1,113,122,2397,292,2811,7,2811,0,2811,65438,124586,1425,2020-08-19
Friuli Venezia Giulia,7,3,200,210,2975,348,3533,11,3477,56,3533,139117,292632,4394,2020-08-19
Abruzzo,25,2,238,265,2840,472,3577,7,3206,371,3577,92656,143041,1300,2020-08-19
Sicilia,53,8,705,766,2786,286,3838,45,3009,829,3838,243575,315870,2859,2020-08-19
Molise,0,0,51,51,429,23,503,7,493,10,503,29270,30459,249,2020-08-19
Puglia,52,3,315,370,3990,555,4915,33,1869,3046,4915,190197,273632,2694,2020-08-19
Campania,51,2,565,618,4345,440,5403,56,5274,129,5403,196936,369227,2774,2020-08-19
Marche,13,1,193,207,5871,987,7065,7,7065,0,7065,111360,186776,1640,2020-08-19
Lazio,229,6,1194,1429,6996,871,9296,75,6348,2948,9296,382387,468319,4851,2020-08-19
Liguria,23,1,319,343,8619,1569,10531,30,8619,1912,10531,115811,215615,1938,2020-08-19
Toscana,20,5,721,746,9040,1139,10925,40,10460,465,10925,314078,479103,4627,2020-08-19
Veneto,39,6,1616,1661,17615,2099,21375,59,19745,1630,21375,546505,1403390,14235,2020-08-19
Emilia-Romagna,81,7,1707,1795,24324,4455,30574,76,28722,1852,30574,467266,789983,9286,2020-08-19
Piemonte,81,3,847,931,27096,4142,32169,42,24684,7485,32169,330412,543744,3299,2020-08-19
PA Trento,2,1,41,44,4559,405,5008,2,3404,1604,5008,78156,172703,2066,2020-08-19
Basilicata,0,0,71,71,393,28,492,1,402,90,492,50838,51628,240,2020-08-19
Lombardia,150,14,5150,5314,75319,16840,97473,50,90430,7043,97473,849579,1423476,5548,2020-08-18
Valle d'Aosta,1,0,7,8,1064,146,1218,0,1100,118,1218,16690,23451,85,2020-08-18
Calabria,10,1,143,154,1106,97,1357,5,1159,198,1357,136044,138078,1474,2020-08-18
Sardegna,9,0,113,122,1256,134,1512,12,1390,122,1512,100605,119093,1009,2020-08-18
Umbria,9,1,83,93,1386,80,1559,10,1479,80,1559,85191,135130,1755,2020-08-18
PA Bolzano,8,1,118,127,2385,292,2804,0,2804,0,2804,64618,123161,639,2020-08-18
Friuli Venezia Giulia,5,3,196,204,2970,348,3522,10,3471,51,3522,137468,288238,3279,2020-08-18
Abruzzo,27,1,230,258,2840,472,3570,5,3205,365,3570,91835,141741,536,2020-08-18
Sicilia,54,6,662,722,2785,286,3793,13,2997,796,3793,241613,313011,2406,2020-08-18
Molise,0,0,44,44,429,23,496,9,486,10,496,29022,30210,179,2020-08-18
Puglia,53,3,284,340,3987,555,4882,20,1853,3029,4882,188150,270938,2644,2020-08-18
Campania,49,2,545,596,4311,440,5347,35,5220,127,5347,195069,366453,3156,2020-08-18
Marche,13,1,191,205,5866,987,7058,15,7058,0,7058,110364,185136,1127,2020-08-18
Lazio,218,6,1135,1359,6991,871,9221,43,6332,2889,9221,378384,463468,3243,2020-08-18
Liguria,25,1,296,322,8610,1569,10501,27,8613,1888,10501,114701,213677,1589,2020-08-18
Toscana,16,4,698,718,9028,1139,10885,31,10449,436,10885,311146,474476,3425,2020-08-18
Veneto,42,6,1640,1688,17530,2098,21316,60,19716,1600,21316,539471,1389155,8762,2020-08-18
Emilia-Romagna,72,4,1713,1789,24255,4454,30498,21,28693,1805,30498,463421,780697,8645,2020-08-18
Piemonte,80,3,814,897,27089,4141,32127,27,24713,7414,32127,328753,540445,3298,2020-08-18
PA Trento,2,1,56,59,4542,405,5006,2,3404,1602,5006,77285,170637,798,2020-08-18
Basilicata,0,0,70,70,393,28,491,8,402,89,491,50588,51388,379,2020-08-18
Lombardia,147,14,5174,5335,75248,16840,97423,43,90391,7032,97423,845795,1417928,4174,2020-08-17
Valle d'Aosta,1,0,7,8,1064,146,1218,1,1100,118,1218,16635,23366,145,2020-08-17
Calabria,8,1,140,149,1106,97,1352,4,1159,193,1352,134570,136604,864,2020-08-17
Sardegna,9,0,101,110,1256,134,1500,7,1385,115,1500,99783,118084,340,2020-08-17
Umbria,10,1,74,85,1384,80,1549,1,1471,78,1549,84328,133375,355,2020-08-17
PA Bolzano,8,1,118,127,2385,292,2804,2,2804,0,2804,64243,122522,566,2020-08-17
Friuli Venezia Giulia,6,3,192,201,2963,348,3512,5,3466,46,3512,136278,284959,1185,2020-08-17
Abruzzo,27,1,227,255,2838,472,3565,5,3200,365,3565,91479,141205,280,2020-08-17
Sicilia,54,6,658,718,2776,286,3780,14,2991,789,3780,240106,310605,1626,2020-08-17
Molise,0,0,35,35,429,23,487,0,477,10,487,28843,30031,73,2020-08-17
Puglia,49,2,274,325,3982,555,4862,4,1850,3012,4862,186287,268294,920,2020-08-17
Campania,47,1,519,567,4305,440,5312,34,5197,115,5312,192706,363297,1404,2020-08-17
Marche,12,1,182,195,5861,987,7043,8,7043,0,7043,109554,184009,646,2020-08-17
Lazio,212,9,1108,1329,6979,870,9178,51,6326,2852,9178,375815,460225,2271,2020-08-17
Liguria,22,3,270,295,8610,1569,10474,16,8598,1876,10474,113740,212088,824,2020-08-17
Toscana,11,4,672,687,9028,1139,10854,21,10434,420,10854,309024,471051,1643,2020-08-17
Veneto,37,4,1593,1634,17526,2096,21256,46,19699,1557,21256,533824,1380393,8566,2020-08-17
Emilia-Romagna,74,4,1736,1814,24210,4453,30477,41,28685,1792,30477,459964,772052,3113,2020-08-17
Piemonte,75,2,797,874,27086,4140,32100,16,24731,7369,32100,327181,537147,1381,2020-08-17
PA Trento,1,1,57,59,4540,405,5004,1,3403,1601,5004,76936,169839,138,2020-08-17
Basilicata,0,0,65,65,392,28,485,0,402,83,485,50219,51009,152,2020-08-17
Lombardia,147,13,5217,5377,75163,16840,97380,61,90365,7015,97380,843250,1413754,4882,2020-08-16
Valle d'Aosta,2,0,7,9,1062,146,1217,0,1099,118,1217,16543,23221,55,2020-08-16
Calabria,9,1,136,146,1105,97,1348,3,1159,189,1348,133706,135740,1676,2020-08-16
Sardegna,8,0,97,105,1254,134,1493,5,1382,111,1493,99495,117744,340,2020-08-16
Umbria,10,1,72,83,1385,80,1548,3,1471,77,1548,84080,133020,206,2020-08-16
PA Bolzano,7,1,121,129,2381,292,2802,9,2802,0,2802,63890,121956,1062,2020-08-16
Friuli Venezia Giulia,3,3,190,196,2963,348,3507,8,3463,44,3507,135467,283774,1052,2020-08-16
Abruzzo,25,1,228,254,2834,472,3560,2,3195,365,3560,91242,140925,233,2020-08-16
Sicilia,51,5,656,712,2769,285,3766,39,2986,780,3766,238872,308979,1043,2020-08-16
Molise,0,0,35,35,429,23,487,0,477,10,487,28770,29958,59,2020-08-16
Puglia,47,1,275,323,3981,554,4858,15,1847,3011,4858,185276,267374,1081,2020-08-16
Campania,43,1,489,533,4305,440,5278,46,5183,95,5278,191738,361893,3389,2020-08-16
Marche,12,1,181,194,5854,987,7035,5,7035,0,7035,109134,183363,858,2020-08-16
Lazio,204,9,1071,1284,6973,870,9127,68,6320,2807,9127,373861,457954,3016,2020-08-16
Liguria,19,3,263,285,8604,1569,10458,12,8589,1869,10458,113221,211264,1033,2020-08-16
Toscana,10,4,653,667,9028,1138,10833,34,10429,404,10833,307863,469408,1933,2020-08-16
Veneto,35,4,1568,1607,17507,2096,21210,78,19693,1517,21210,527652,1371827,8697,2020-08-16
Emilia-Romagna,74,4,1727,1805,24178,4453,30436,51,28662,1774,30436,458446,768939,3817,2020-08-16
Piemonte,80,3,782,865,27080,4139,32084,40,24733,7351,32084,326513,535766,1921,2020-08-16
PA Trento,1,1,57,59,4539,405,5003,0,3402,1601,5003,76846,169701,453,2020-08-16
Basilicata,0,0,65,65,392,28,485,0,402,83,485,50066,50857,1,2020-08-16
Lombardia,149,12,5196,5357,75125,16837,97319,94,90319,7000,97319,840083,1408872,7028,2020-08-15
Valle d'Aosta,2,0,9,11,1060,146,1217,0,1099,118,1217,16512,23166,110,2020-08-15
Calabria,8,1,134,143,1105,97,1345,10,1159,186,1345,132030,134064,1487,2020-08-15
Sardegna,8,0,93,101,1254,134,1489,5,1381,108,1489,99203,117404,654,2020-08-15
Umbria,9,1,70,80,1385,80,1545,13,1470,75,1545,83936,132814,920,2020-08-15
PA Bolzano,7,1,118,126,2375,292,2793,9,2793,0,2793,63420,120894,1463,2020-08-15
Friuli Venezia Giulia,2,3,184,189,2962,348,3499,15,3455,44,3499,134780,282722,3340,2020-08-15
Abruzzo,25,1,226,252,2834,472,3558,13,3196,362,3558,91060,140692,1266,2020-08-15
Sicilia,47,5,625,677,2766,284,3727,46,2979,748,3727,237998,307936,2030,2020-08-15
Molise,0,0,35,35,429,23,487,2,477,10,487,28711,29899,221,2020-08-15
Puglia,46,1,261,308,3981,554,4843,22,1844,2999,4843,184587,266293,1745,2020-08-15
Campania,34,1,454,489,4303,440,5232,18,5142,90,5232,189377,358504,1723,2020-08-15
Marche,13,1,180,194,5849,987,7030,11,7030,0,7030,108605,182505,1135,2020-08-15
Lazio,193,9,1016,1218,6971,870,9059,58,6308,2751,9059,371681,454938,2602,2020-08-15
Liguria,17,3,253,273,8604,1569,10446,33,8584,1862,10446,112680,210231,1921,2020-08-15
Toscana,9,4,620,633,9028,1138,10799,38,10419,380,10799,306566,467475,3767,2020-08-15
Veneto,38,4,1518,1560,17476,2096,21132,120,19673,1459,21132,524443,1363130,11772,2020-08-15
Emilia-Romagna,75,4,1675,1754,24178,4453,30385,71,28642,1743,30385,456025,765122,6089,2020-08-15
Piemonte,81,3,796,880,27025,4139,32044,47,24747,7297,32044,324996,533845,2220,2020-08-15
PA Trento,1,1,58,60,4538,405,5003,0,3402,1601,5003,76702,169248,1400,2020-08-15
Basilicata,0,0,66,66,392,28,486,4,402,84,486,50066,50856,230,2020-08-15
Lombardia,153,12,5212,5377,75012,16836,97225,97,90249,6976,97225,837083,1401844,7464,2020-08-14
Piemonte,77,3,794,874,26984,4139,31997,15,24812,7185,31997,323723,531625,1241,2020-08-14
Emilia-Romagna,76,4,1786,1866,24150,4298,30314,57,28611,1703,30314,452995,759033,6376,2020-08-14
Veneto,33,6,1431,1470,17447,2095,21012,127,19639,1373,21012,521232,1351358,8644,2020-08-14
Toscana,12,3,589,604,9020,1137,10761,26,10412,349,10761,304412,463708,3014,2020-08-14
Liguria,17,3,252,272,8572,1569,10413,20,8561,1852,10413,111663,208310,1506,2020-08-14
Lazio,192,9,964,1165,6966,870,9001,45,6296,2705,9001,369749,452336,2450,2020-08-14
Marche,10,1,179,190,5842,987,7019,32,7019,0,7019,107918,181370,1280,2020-08-14
Campania,47,1,439,487,4287,440,5214,44,5124,90,5214,188242,356781,2235,2020-08-14
PA Trento,2,1,60,63,4535,405,5003,3,3402,1601,5003,76300,167848,1421,2020-08-14
Puglia,45,1,240,286,3981,554,4821,12,1835,2986,4821,183493,264548,1701,2020-08-14
Sicilia,46,6,579,631,2766,284,3681,36,2964,717,3681,236593,305906,2219,2020-08-14
Abruzzo,23,1,218,242,2831,472,3545,13,3186,359,3545,90264,139426,745,2020-08-14
Friuli Venezia Giulia,3,3,177,183,2953,348,3484,8,3442,42,3484,133870,279382,2222,2020-08-14
PA Bolzano,7,1,115,123,2369,292,2784,3,2784,0,2784,62599,119431,1019,2020-08-14
Umbria,10,0,58,68,1384,80,1532,8,1467,65,1532,83413,131894,853,2020-08-14
Sardegna,8,0,95,103,1247,134,1484,5,1381,103,1484,98662,116750,573,2020-08-14
Calabria,7,1,125,133,1105,97,1335,19,1159,176,1335,130543,132577,1185,2020-08-14
Valle d'Aosta,3,0,10,13,1058,146,1217,0,1099,118,1217,16436,23056,118,2020-08-14
Molise,0,0,35,35,427,23,485,0,475,10,485,28498,29678,79,2020-08-14
Basilicata,0,0,64,64,390,28,482,4,402,80,482,49836,50626,378,2020-08-14
Lombardia,170,11,5358,5539,74754,16835,97128,74,90188,6940,97128,833060,1394380,7174,2020-08-13
Valle d'Aosta,3,0,11,14,1057,146,1217,0,1099,118,1217,16397,22938,99,2020-08-13
Calabria,8,1,110,119,1100,97,1316,12,1159,157,1316,129359,131392,1164,2020-08-13
Sardegna,8,0,90,98,1247,134,1479,17,1379,100,1479,98236,116177,1159,2020-08-13
Umbria,10,0,52,62,1382,80,1524,7,1464,60,1524,83046,131041,796,2020-08-13
PA Bolzano,7,1,114,122,2367,292,2781,3,2781,0,2781,61905,118412,1590,2020-08-13
Friuli Venezia Giulia,7,3,166,176,2952,348,3476,15,3434,42,3476,133284,277160,2517,2020-08-13
Abruzzo,24,1,209,234,2826,472,3532,16,3174,358,3532,89847,138681,905,2020-08-13
Sicilia,42,6,556,604,2757,284,3645,42,2956,689,3645,234950,303687,2046,2020-08-13
Molise,0,0,35,35,427,23,485,6,475,10,485,28421,29599,156,2020-08-13
Puglia,46,2,228,276,3979,554,4809,16,1838,2971,4809,182067,262847,1746,2020-08-13
Campania,38,2,407,447,4283,440,5170,27,5082,88,5170,186543,354546,1708,2020-08-13
Marche,8,0,161,169,5831,987,6987,11,6987,0,6987,107237,180090,1302,2020-08-13
Lazio,195,9,923,1127,6960,869,8956,36,6290,2666,8956,367897,449886,2211,2020-08-13
Liguria,20,2,235,257,8567,1569,10393,63,8542,1851,10393,110755,206804,1704,2020-08-13
Toscana,13,3,574,590,9008,1137,10735,28,10407,328,10735,302546,460694,3128,2020-08-13
Veneto,30,6,1349,1385,17406,2094,20885,84,19612,1273,20885,518924,1342714,10065,2020-08-13
Emilia-Romagna,79,4,1744,1827,24132,4298,30257,37,28581,1676,30257,449766,752657,7168,2020-08-13
Piemonte,77,3,784,864,26979,4139,31982,26,24807,7175,31982,322956,530384,2796,2020-08-13
PA Trento,1,1,61,63,4532,405,5000,2,3401,1599,5000,76012,166427,1425,2020-08-13
Basilicata,0,0,73,73,377,28,478,1,402,76,478,49448,50248,329,2020-08-13
Lombardia,165,10,5346,5521,74700,16833,97054,102,90150,6904,97054,829237,1387206,7960,2020-08-12
Valle d'Aosta,5,0,10,15,1056,146,1217,0,1099,118,1217,16342,22839,208,2020-08-12
Calabria,8,1,101,110,1097,97,1304,4,1159,145,1304,128194,130228,1092,2020-08-12
Sardegna,6,0,77,83,1245,134,1462,1,1377,85,1462,97340,115018,747,2020-08-12
Umbria,9,0,48,57,1380,80,1517,6,1459,58,1517,82645,130245,944,2020-08-12
PA Bolzano,6,0,124,130,2357,292,2779,4,2779,0,2779,60969,116822,1708,2020-08-12
Friuli Venezia Giulia,7,3,154,164,2949,348,3461,9,3428,33,3461,132663,274643,2485,2020-08-12
Abruzzo,23,1,197,221,2823,472,3516,9,3166,350,3516,89381,137776,981,2020-08-12
Sicilia,43,6,513,562,2757,284,3603,29,2939,664,3603,233597,301641,2248,2020-08-12
Molise,0,0,29,29,427,23,479,0,475,4,479,28265,29443,172,2020-08-12
Puglia,43,2,217,262,3977,554,4793,33,1836,2957,4793,180855,261101,2123,2020-08-12
Campania,43,2,379,424,4279,440,5143,29,5056,87,5143,185318,352838,1333,2020-08-12
Marche,10,0,157,167,5822,987,6976,16,6976,0,6976,106614,178788,1029,2020-08-12
Lazio,190,9,922,1121,6931,868,8920,37,6276,2644,8920,366246,447675,2695,2020-08-12
Liguria,17,2,208,227,8534,1569,10330,26,8481,1849,10330,109799,205100,1775,2020-08-12
Toscana,15,3,545,563,9007,1137,10707,33,10402,305,10707,300764,457566,3173,2020-08-12
Veneto,33,6,1294,1333,17376,2092,20801,60,19579,1222,20801,516131,1332649,9841,2020-08-12
Emilia-Romagna,78,4,1725,1807,24115,4298,30220,41,28564,1656,30220,446202,745489,7740,2020-08-12
Piemonte,76,3,776,855,26963,4138,31956,42,24841,7115,31956,321651,527588,2739,2020-08-12
PA Trento,2,1,65,68,4525,405,4998,0,3400,1598,4998,75685,165002,1387,2020-08-12
Basilicata,0,0,72,72,377,28,477,0,402,75,477,49129,49919,278,2020-08-12
Lombardia,160,10,5344,5514,74605,16833,96952,68,90081,6871,96952,824917,1379246,4537,2020-08-11
Valle d'Aosta,5,0,10,15,1056,146,1217,0,1099,118,1217,16228,22631,107,2020-08-11
Calabria,8,1,103,112,1091,97,1300,11,1159,141,1300,127102,129136,946,2020-08-11
Sardegna,6,0,76,82,1245,134,1461,20,1377,84,1461,96725,114271,866,2020-08-11
Umbria,9,0,43,52,1379,80,1511,1,1458,53,1511,82253,129301,1003,2020-08-11
PA Bolzano,6,0,122,128,2355,292,2775,1,2775,0,2775,59794,115114,484,2020-08-11
Friuli Venezia Giulia,8,3,145,156,2948,348,3452,3,3420,32,3452,132027,272158,2367,2020-08-11
Abruzzo,23,1,195,219,2821,472,3512,3,3166,346,3512,88902,136795,430,2020-08-11
Sicilia,44,6,488,538,2752,284,3574,89,2927,647,3574,231949,299393,2860,2020-08-11
Molise,1,0,32,33,423,23,479,0,475,4,479,28105,29271,109,2020-08-11
Puglia,38,1,190,229,3977,554,4760,20,1823,2937,4760,179205,258978,1981,2020-08-11
Campania,44,2,356,402,4272,440,5114,23,5027,87,5114,184220,351505,1142,2020-08-11
Marche,11,0,151,162,5811,987,6960,4,6960,0,6960,106017,177759,929,2020-08-11
Lazio,203,9,889,1101,6915,867,8883,23,6264,2619,8883,364395,444980,2147,2020-08-11
Liguria,18,2,203,223,8512,1569,10304,11,8462,1842,10304,108894,203325,1317,2020-08-11
Toscana,18,1,516,535,9002,1137,10674,22,10397,277,10674,298892,454393,2972,2020-08-11
Veneto,33,6,1261,1300,17356,2085,20741,65,19561,1180,20741,513323,1322808,6921,2020-08-11
Emilia-Romagna,76,4,1710,1790,24091,4298,30179,19,28546,1633,30179,442538,737749,5900,2020-08-11
Piemonte,85,3,734,822,26956,4136,31914,26,24895,7019,31914,319943,524849,2749,2020-08-11
PA Trento,5,0,70,75,4518,405,4998,2,3400,1598,4998,75417,163615,626,2020-08-11
Basilicata,0,0,73,73,376,28,477,1,402,75,477,48851,49641,249,2020-08-11
Lombardia,150,9,5388,5547,74504,16833,96884,31,90038,6846,96884,822142,1374709,9343,2020-08-10
Valle d'Aosta,5,0,10,15,1056,146,1217,1,1099,118,1217,16161,22524,86,2020-08-10
Calabria,8,1,92,101,1091,97,1289,2,1159,130,1289,126156,128190,327,2020-08-10
Sardegna,6,0,56,62,1245,134,1441,2,1375,66,1441,95974,113405,339,2020-08-10
Umbria,8,0,46,54,1376,80,1510,5,1457,53,1510,81825,128298,290,2020-08-10
PA Bolzano,8,0,120,128,2354,292,2774,1,2774,0,2774,59515,114630,493,2020-08-10
Friuli Venezia Giulia,10,3,151,164,2938,347,3449,0,3418,31,3449,131332,269791,653,2020-08-10
Sicilia,45,6,399,450,2751,284,3485,32,2910,575,3485,230105,296533,873,2020-08-10
Abruzzo,24,1,194,219,2818,472,3509,7,3175,334,3509,88650,136365,151,2020-08-10
Molise,1,0,32,33,423,23,479,0,475,4,479,28003,29162,77,2020-08-10
Puglia,36,1,176,213,3973,554,4740,26,1818,2922,4740,177798,256997,690,2020-08-10
Campania,34,1,363,398,4254,439,5091,14,5004,87,5091,183401,350363,741,2020-08-10
Marche,11,0,154,165,5804,987,6956,2,6956,0,6956,105420,176830,548,2020-08-10
Lazio,195,8,878,1081,6912,867,8860,38,6260,2600,8860,362827,442833,2323,2020-08-10
Liguria,20,2,190,212,8512,1569,10293,10,8455,1838,10293,108164,202008,738,2020-08-10
Toscana,16,1,501,518,8997,1137,10652,8,10377,275,10652,297261,451421,1387,2020-08-10
Veneto,29,6,1222,1257,17336,2083,20676,20,19543,1133,20676,510459,1315887,1610,2020-08-10
Emilia-Romagna,79,4,1708,1791,24073,4296,30160,39,28533,1627,30160,440041,731849,4156,2020-08-10
Piemonte,87,3,719,809,26943,4136,31888,20,24928,6960,31888,318659,522100,1029,2020-08-10
PA Trento,7,0,72,79,4512,405,4996,1,3400,1596,4996,75139,162989,305,2020-08-10
Basilicata,0,0,72,72,376,28,476,0,402,74,476,48602,49392,273,2020-08-10
Lombardia,155,9,5424,5588,74432,16833,96853,71,90015,6838,96853,820541,1365366,6494,2020-08-09
Valle d'Aosta,5,0,9,14,1056,146,1216,0,1098,118,1216,16120,22438,98,2020-08-09
Calabria,9,1,90,100,1090,97,1287,0,1159,128,1287,125829,127863,554,2020-08-09
Sardegna,6,0,54,60,1245,134,1439,6,1375,64,1439,95686,113066,455,2020-08-09
Umbria,8,0,41,49,1376,80,1505,7,1457,48,1505,81605,128008,520,2020-08-09
PA Bolzano,8,0,120,128,2353,292,2773,7,2773,0,2773,59260,114137,1209,2020-08-09
Friuli Venezia Giulia,11,3,152,166,2937,346,3449,7,3418,31,3449,131023,269138,1277,2020-08-09
Sicilia,39,5,376,420,2749,284,3453,29,2896,557,3453,229444,295660,1277,2020-08-09
Abruzzo,23,1,189,213,2817,472,3502,16,3174,328,3502,88565,136214,1234,2020-08-09
Molise,1,0,34,35,421,23,479,0,475,4,479,27928,29085,79,2020-08-09
Puglia,31,0,156,187,3973,554,4714,9,1806,2908,4714,176992,256307,1368,2020-08-09
Campania,29,2,357,388,4251,438,5077,22,4990,87,5077,182840,349622,1675,2020-08-09
Marche,13,0,155,168,5799,987,6954,16,6954,0,6954,105247,176282,1260,2020-08-09
Lazio,189,8,849,1046,6910,866,8822,38,6251,2571,8822,361238,440510,2612,2020-08-09
Liguria,20,2,194,216,8498,1569,10283,7,8447,1836,10283,107771,201270,2022,2020-08-09
Toscana,14,1,495,510,8997,1137,10644,61,10370,274,10644,296406,450034,2784,2020-08-09
Veneto,28,6,1206,1240,17333,2083,20656,58,19536,1120,20656,509851,1314277,4360,2020-08-09
Emilia-Romagna,81,4,1675,1760,24066,4295,30121,69,28516,1605,30121,438547,727693,5413,2020-08-09
Piemonte,85,3,734,822,26910,4136,31868,38,24929,6939,31868,318480,521071,2037,2020-08-09
PA Trento,6,0,72,78,4512,405,4995,2,3399,1596,4995,75038,162684,909,2020-08-09
Basilicata,2,0,73,75,373,28,476,0,402,74,476,48319,49119,0,2020-08-09
Lombardia,162,9,5376,5547,74403,16832,96782,76,89970,6812,96782,816988,1358872,6382,2020-08-08
Valle d'Aosta,5,0,14,19,1051,146,1216,2,1098,118,1216,16048,22340,110,2020-08-08
Calabria,9,1,91,101,1089,97,1287,4,1159,128,1287,125275,127309,875,2020-08-08
Sardegna,6,0,48,54,1245,134,1433,0,1374,59,1433,95280,112611,992,2020-08-08
Umbria,8,0,34,42,1376,80,1498,10,1456,42,1498,81336,127488,834,2020-08-08
PA Bolzano,8,0,115,123,2351,292,2766,5,2766,0,2766,58633,112928,1115,2020-08-08
Sicilia,37,4,356,397,2743,284,3424,28,2885,539,3424,228395,294383,2511,2020-08-08
Friuli Venezia Giulia,11,3,146,160,2936,346,3442,6,3413,29,3442,130500,267861,1830,2020-08-08
Abruzzo,24,1,172,197,2817,472,3486,12,3160,326,3486,87799,134980,712,2020-08-08
Molise,1,0,34,35,421,23,479,0,475,4,479,27851,29006,166,2020-08-08
Puglia,27,0,151,178,3973,554,4705,9,1805,2900,4705,176113,254939,1561,2020-08-08
Campania,32,2,338,372,4245,438,5055,5,4970,85,5055,181846,347947,1972,2020-08-08
Marche,14,0,142,156,5795,987,6938,3,6937,1,6938,104534,175022,1297,2020-08-08
Lazio,189,8,820,1017,6901,866,8784,20,6239,2545,8784,359225,437898,2381,2020-08-08
Liguria,20,1,193,214,8493,1569,10276,4,8447,1829,10276,105987,199248,1004,2020-08-08
Toscana,14,1,442,457,8989,1137,10583,23,10311,272,10583,294690,447250,2917,2020-08-08
Veneto,29,6,1193,1228,17287,2083,20598,63,19517,1081,20598,508892,1309917,14171,2020-08-08
Emilia-Romagna,81,4,1627,1712,24046,4294,30052,44,28490,1562,30052,434744,722280,8147,2020-08-08
Piemonte,87,3,700,790,26904,4136,31830,31,24959,6871,31830,316746,519034,2448,2020-08-08
PA Trento,5,0,74,79,4509,405,4993,1,3399,1594,4993,74756,161775,1636,2020-08-08
Basilicata,2,0,73,75,373,28,476,1,402,74,476,48319,49119,237,2020-08-08
Lombardia,170,9,5466,5645,74232,16829,96706,69,89924,6782,96706,813260,1352490,8128,2020-08-07
Valle d'Aosta,5,0,12,17,1051,146,1214,4,1096,118,1214,15985,22230,65,2020-08-07
Calabria,7,1,89,97,1089,97,1283,7,1159,124,1283,124400,126434,1041,2020-08-07
Sardegna,8,0,50,58,1241,134,1433,3,1374,59,1433,94626,111619,798,2020-08-07
Umbria,8,0,25,33,1375,80,1488,6,1455,33,1488,80959,126654,885,2020-08-07
PA Bolzano,8,0,120,128,2341,292,2761,4,2761,0,2761,57987,111813,1110,2020-08-07
Sicilia,37,4,328,369,2743,284,3396,27,2866,530,3396,226979,291872,2412,2020-08-07
Friuli Venezia Giulia,13,3,139,155,2935,346,3436,4,3407,29,3436,129930,266031,2146,2020-08-07
Abruzzo,22,1,167,190,2812,472,3474,39,3178,296,3474,87440,134268,923,2020-08-07
Molise,1,0,34,35,421,23,479,1,475,4,479,27685,28840,155,2020-08-07
Puglia,26,0,144,170,3973,553,4696,11,1844,2852,4696,174742,253378,1908,2020-08-07
Campania,32,2,338,372,4240,438,5050,15,4968,82,5050,180679,345975,2025,2020-08-07
Marche,13,0,145,158,5790,987,6935,21,6934,1,6935,103904,173725,1049,2020-08-07
Lazio,184,8,816,1008,6891,865,8764,20,6231,2533,8764,357556,435517,2341,2020-08-07
Liguria,22,1,193,216,8488,1568,10272,9,8445,1827,10272,105914,198244,1327,2020-08-07
Toscana,18,0,417,435,8988,1137,10560,13,10292,268,10560,292933,444333,2657,2020-08-07
Veneto,31,6,1178,1215,17242,2078,20535,183,19503,1032,20535,505441,1295746,16494,2020-08-07
Emilia-Romagna,79,4,1592,1675,24041,4292,30008,54,28476,1532,30008,429300,714133,9511,2020-08-07
Piemonte,88,3,701,792,26871,4136,31799,37,25012,6787,31799,315167,516586,2661,2020-08-07
PA Trento,5,0,77,82,4505,405,4992,4,3399,1593,4992,74347,160139,1251,2020-08-07
Basilicata,2,0,72,74,373,28,475,21,402,73,475,48092,48882,309,2020-08-07
Lombardia,168,11,5549,5728,74080,16829,96637,118,89887,6750,96637,808787,1344362,8979,2020-08-06
Valle d'Aosta,1,0,12,13,1051,146,1210,1,1092,118,1210,15940,22165,182,2020-08-06
Calabria,7,1,83,91,1088,97,1276,2,1159,117,1276,123359,125393,867,2020-08-06
Sardegna,7,0,48,55,1241,134,1430,3,1374,56,1430,93975,110821,939,2020-08-06
Umbria,8,0,21,29,1373,80,1482,3,1455,27,1482,80599,125769,914,2020-08-06
PA Bolzano,8,0,116,124,2341,292,2757,12,2757,0,2757,57346,110703,1238,2020-08-06
Sicilia,37,4,301,342,2743,284,3369,30,2853,516,3369,225491,289460,2795,2020-08-06
Friuli Venezia Giulia,11,2,140,153,2933,346,3432,7,3404,28,3432,129283,263885,2347,2020-08-06
Abruzzo,20,1,132,153,2810,472,3435,15,3149,286,3435,86980,133345,1029,2020-08-06
Molise,1,0,33,34,421,23,478,0,475,3,478,27530,28685,184,2020-08-06
Puglia,24,0,134,158,3974,553,4685,7,1892,2793,4685,173426,251470,2259,2020-08-06
Campania,20,1,364,385,4212,438,5035,5,4957,78,5035,179583,343950,2919,2020-08-06
Marche,16,0,125,141,5786,987,6914,9,6911,3,6914,103309,172676,1224,2020-08-06
Lazio,185,8,800,993,6886,865,8744,18,6223,2521,8744,355838,433176,3628,2020-08-06
Liguria,20,0,190,210,8485,1568,10263,13,8443,1820,10263,105218,196917,1575,2020-08-06
Toscana,20,0,405,425,8985,1137,10547,17,10287,260,10547,291429,441676,3042,2020-08-06
Veneto,36,6,1055,1097,17178,2077,20352,58,19484,868,20352,499706,1279252,9402,2020-08-06
Emilia-Romagna,78,4,1570,1652,24011,4291,29954,58,28454,1500,29954,423543,704622,10114,2020-08-06
Piemonte,90,4,684,778,26849,4135,31762,22,25058,6704,31762,313748,513925,3193,2020-08-06
PA Trento,3,0,77,80,4503,405,4988,4,3397,1591,4988,74061,158888,1476,2020-08-06
Basilicata,2,0,51,53,373,28,454,0,402,52,454,47783,48573,367,2020-08-06
Lombardia,164,11,5648,5823,73872,16824,96519,138,89814,6705,96519,803355,1335383,9260,2020-08-05
Valle d'Aosta,1,0,11,12,1051,146,1209,0,1091,118,1209,15855,21983,58,2020-08-05
Calabria,6,1,94,101,1076,97,1274,2,1159,115,1274,122492,124526,1058,2020-08-05
Sardegna,5,0,48,53,1240,134,1427,9,1374,53,1427,93176,109882,1032,2020-08-05
Umbria,6,0,24,30,1369,80,1479,2,1452,27,1479,80145,124855,1131,2020-08-05
PA Bolzano,8,0,108,116,2337,292,2745,5,2745,0,2745,56638,109465,1294,2020-08-05
Sicilia,34,4,276,314,2741,284,3339,21,2840,499,3339,223645,286665,2337,2020-08-05
Abruzzo,19,1,120,140,2808,472,3420,19,3160,260,3420,86563,132316,884,2020-08-05
Friuli Venezia Giulia,8,2,137,147,2932,346,3425,9,3400,25,3425,128698,261538,2891,2020-08-05
Molise,1,0,33,34,421,23,478,1,475,3,478,27346,28501,152,2020-08-05
Puglia,24,0,128,152,3973,553,4678,23,1919,2759,4678,171932,249211,2630,2020-08-05
Campania,44,1,349,394,4198,438,5030,8,4953,77,5030,177414,341031,2085,2020-08-05
Marche,15,0,122,137,5781,987,6905,6,6905,0,6905,102536,171452,1173,2020-08-05
Lazio,188,7,788,983,6878,865,8726,12,6220,2506,8726,353130,429548,2877,2020-08-05
Liguria,18,0,189,207,8475,1568,10250,7,8440,1810,10250,104340,195342,1623,2020-08-05
Toscana,18,0,397,415,8978,1137,10530,11,10282,248,10530,289710,438634,3893,2020-08-05
Veneto,33,6,1028,1067,17150,2077,20294,41,19465,829,20294,496893,1269850,9447,2020-08-05
Emilia-Romagna,73,4,1532,1609,23997,4291,29897,47,28438,1459,29897,418046,694508,8523,2020-08-05
Piemonte,94,4,682,780,26826,4134,31740,21,25113,6627,31740,311770,510732,2598,2020-08-05
PA Trento,3,0,76,79,4500,405,4984,1,3397,1587,4984,73665,157412,1231,2020-08-05
Basilicata,2,0,51,53,373,28,454,1,402,52,454,47416,48206,274,2020-08-05
Lombardia,160,9,5583,5752,73810,16819,96381,44,89704,6677,96381,797918,1326123,5696,2020-08-04
Valle d'Aosta,1,0,12,13,1050,146,1209,0,1091,118,1209,15819,21925,137,2020-08-04
Calabria,6,1,92,99,1076,97,1272,2,1159,113,1272,121434,123468,867,2020-08-04
Sardegna,3,0,42,45,1239,134,1418,2,1370,48,1418,92306,108850,1014,2020-08-04
Umbria,7,0,22,29,1368,80,1477,2,1451,26,1477,79586,123724,1059,2020-08-04
PA Bolzano,7,0,111,118,2330,292,2740,6,2740,0,2740,56024,108171,436,2020-08-04
Sicilia,34,3,256,293,2741,284,3318,10,2832,486,3318,222225,284328,2670,2020-08-04
Abruzzo,18,1,106,125,2804,472,3401,3,3141,260,3401,86079,131432,555,2020-08-04
Friuli Venezia Giulia,7,2,129,138,2932,346,3416,5,3391,25,3416,127931,258647,2299,2020-08-04
Molise,1,0,32,33,421,23,477,0,475,2,477,27197,28349,128,2020-08-04
Puglia,22,0,109,131,3971,553,4655,7,1995,2660,4655,170642,246581,2407,2020-08-04
Campania,44,2,346,392,4194,436,5022,2,4946,76,5022,175739,338946,928,2020-08-04
Marche,15,0,124,139,5773,987,6899,2,6899,0,6899,101871,170279,1154,2020-08-04
Lazio,179,8,800,987,6863,864,8714,17,6219,2495,8714,351191,426671,2388,2020-08-04
Liguria,22,0,178,200,8475,1568,10243,5,8446,1797,10243,103441,193719,1050,2020-08-04
Toscana,18,0,387,405,8977,1137,10519,11,10278,241,10519,287473,434741,2673,2020-08-04
Veneto,32,5,1028,1065,17111,2077,20253,20,19446,807,20253,494299,1260403,7160,2020-08-04
Emilia-Romagna,79,4,1498,1581,23978,4291,29850,42,28425,1425,29850,412865,685985,7384,2020-08-04
Piemonte,101,6,691,798,26789,4132,31719,8,25147,6572,31719,310492,508134,3161,2020-08-04
PA Trento,3,0,85,88,4490,405,4983,2,3397,1586,4983,73352,156181,396,2020-08-04
Basilicata,2,0,49,51,374,28,453,0,402,51,453,47142,47932,226,2020-08-04
Lombardia,162,9,5624,5795,73724,16818,96337,25,89689,6648,96337,794279,1320427,4208,2020-08-03
Valle d'Aosta,1,0,12,13,1050,146,1209,0,1074,135,1209,15732,21788,89,2020-08-03
Calabria,5,1,92,98,1075,97,1270,0,1159,111,1270,120567,122601,239,2020-08-03
Sardegna,3,0,41,44,1238,134,1416,2,1370,46,1416,91739,107836,420,2020-08-03
Umbria,7,0,20,27,1368,80,1475,1,1451,24,1475,79126,122665,261,2020-08-03
PA Bolzano,7,0,105,112,2330,292,2734,6,2734,0,2734,55757,107735,537,2020-08-03
Sicilia,36,3,249,288,2737,283,3308,3,2824,484,3308,220629,281658,823,2020-08-03
Abruzzo,16,1,107,124,2802,472,3398,9,3139,259,3398,85744,130877,124,2020-08-03
Friuli Venezia Giulia,9,3,124,136,2929,346,3411,0,3388,23,3411,127228,256348,568,2020-08-03
Molise,1,0,32,33,421,23,477,2,475,2,477,27070,28221,83,2020-08-03
Puglia,23,0,102,125,3970,553,4648,9,1994,2654,4648,168787,244174,865,2020-08-03
Campania,47,2,348,397,4187,436,5020,4,4944,76,5020,174985,338018,826,2020-08-03
Marche,13,0,127,140,5770,987,6897,0,6897,0,6897,101386,169125,93,2020-08-03
Lazio,174,9,791,974,6859,864,8697,15,6209,2488,8697,349522,424283,2419,2020-08-03
Liguria,21,0,174,195,8475,1568,10238,2,8468,1770,10238,102878,192669,608,2020-08-03
Toscana,16,1,381,398,8974,1136,10508,10,10270,238,10508,285916,432068,1492,2020-08-03
Veneto,25,4,1022,1051,17106,2076,20233,22,19436,797,20233,491567,1253243,3068,2020-08-03
Emilia-Romagna,68,3,1489,1560,23957,4291,29808,34,28403,1405,29808,409341,678601,5357,2020-08-03
Piemonte,95,5,713,813,26767,4131,31711,13,25169,6542,31711,309217,504973,1295,2020-08-03
PA Trento,3,0,97,100,4476,405,4981,2,3396,1585,4981,73149,155785,385,2020-08-03
Basilicata,2,0,49,51,374,28,453,0,402,51,453,46916,47706,276,2020-08-03
Lombardia,153,9,5659,5821,73676,16815,96312,38,89676,6636,96312,791698,1316219,7712,2020-08-02
Valle d'Aosta,1,0,12,13,1050,146,1209,1,1074,135,1209,15680,21699,111,2020-08-02
Calabria,5,1,92,98,1075,97,1270,1,1159,111,1270,120328,122362,559,2020-08-02
Sardegna,3,0,40,43,1237,134,1414,4,1369,45,1414,91373,107416,377,2020-08-02
Umbria,7,0,19,26,1368,80,1474,2,1451,23,1474,78969,122404,620,2020-08-02
PA Bolzano,7,0,100,107,2329,292,2728,3,2728,0,2728,55385,107198,1029,2020-08-02
Sicilia,36,3,246,285,2737,283,3305,7,2822,483,3305,220126,280835,1319,2020-08-02
Abruzzo,16,1,99,116,2801,472,3389,2,3138,251,3389,85639,130753,1152,2020-08-02
Friuli Venezia Giulia,9,3,125,137,2929,345,3411,10,3382,29,3411,126943,255780,1617,2020-08-02
Molise,1,0,30,31,421,23,475,2,473,2,475,26987,28138,289,2020-08-02
Puglia,20,0,100,120,3967,552,4639,8,1994,2645,4639,167514,243309,1473,2020-08-02
Campania,35,3,363,401,4180,435,5016,7,4940,76,5016,174273,337192,2194,2020-08-02
Marche,11,0,136,147,5763,987,6897,8,6897,0,6897,101330,169032,1086,2020-08-02
Lazio,176,9,779,964,6855,863,8682,17,6203,2479,8682,347749,421864,2793,2020-08-02
Liguria,20,0,196,216,8453,1567,10236,6,8477,1759,10236,102520,192061,1312,2020-08-02
Toscana,15,0,382,397,8966,1135,10498,9,10263,235,10498,285083,430576,2815,2020-08-02
Veneto,27,4,1003,1034,17102,2075,20211,45,19433,778,20211,490763,1250175,6474,2020-08-02
Emilia-Romagna,68,4,1468,1540,23943,4291,29774,49,28392,1382,29774,407452,673244,7503,2020-08-02
Piemonte,95,5,710,810,26759,4129,31698,15,25209,6489,31698,308574,503678,1894,2020-08-02
PA Trento,1,0,98,99,4475,405,4979,4,3395,1584,4979,73042,155400,939,2020-08-02
Basilicata,2,0,49,51,374,28,453,1,402,51,453,46640,47430,1,2020-08-02
Lombardia,158,9,5788,5955,73512,16807,96274,55,89651,6623,96274,787173,1308507,8419,2020-08-01
Valle d'Aosta,1,0,11,12,1050,146,1208,0,1090,118,1208,15609,21588,56,2020-08-01
Calabria,4,1,92,97,1075,97,1269,3,1159,110,1269,119769,121803,1135,2020-08-01
Sardegna,4,0,35,39,1237,134,1410,6,1366,44,1410,91026,107039,694,2020-08-01
Umbria,7,0,17,24,1368,80,1472,6,1450,22,1472,78643,121784,888,2020-08-01
PA Bolzano,6,1,100,107,2326,292,2725,8,2725,0,2725,54755,106169,952,2020-08-01
Sicilia,36,3,242,281,2734,283,3298,10,2816,482,3298,219093,279516,2743,2020-08-01
Abruzzo,13,1,101,115,2800,472,3387,5,3142,245,3387,85021,129601,1118,2020-08-01
Friuli Venezia Giulia,8,3,118,129,2927,345,3401,7,3380,21,3401,126425,254163,2542,2020-08-01
Molise,1,0,28,29,421,23,473,2,471,2,473,26698,27849,170,2020-08-01
Puglia,19,0,93,112,3967,552,4631,20,1992,2639,4631,166712,241836,1832,2020-08-01
Campania,39,3,355,397,4177,435,5009,10,4933,76,5009,172579,334998,2162,2020-08-01
Marche,8,0,136,144,5758,987,6889,5,6889,0,6889,100767,167946,730,2020-08-01
Lazio,172,9,769,950,6852,863,8665,18,6198,2467,8665,345548,419071,2150,2020-08-01
Liguria,19,0,194,213,8450,1567,10230,16,8474,1756,10230,101716,190749,1727,2020-08-01
Toscana,16,0,376,392,8962,1135,10489,6,10255,234,10489,283394,427761,3187,2020-08-01
Veneto,28,4,969,1001,17090,2075,20166,46,19420,746,20166,489602,1243701,15286,2020-08-01
Emilia-Romagna,67,4,1439,1510,23925,4291,29726,56,28373,1353,29726,402424,665741,2911,2020-08-01
Piemonte,96,5,700,801,26753,4129,31683,16,25235,6448,31683,307168,501784,2658,2020-08-01
PA Trento,1,0,98,99,4471,405,4975,0,3394,1581,4975,72811,154461,1294,2020-08-01
Basilicata,2,0,48,50,374,28,452,0,402,50,452,46639,47429,229,2020-08-01
